1998.06.14,00:00,0.58730,0.62880,0.57950,0.61400,1315
1998.06.21,00:00,0.60980,0.61470,0.59950,0.60240,832
1998.06.28,00:00,0.59950,0.62500,0.59870,0.61850,794
1998.07.05,00:00,0.61350,0.62270,0.61130,0.61650,484
1998.07.12,00:00,0.60920,0.63410,0.60250,0.62550,841
1998.07.19,00:00,0.62620,0.63200,0.61500,0.61690,624
1998.07.26,00:00,0.61600,0.61770,0.60530,0.60650,599
1998.08.02,00:00,0.60650,0.61160,0.59850,0.60020,523
1998.08.09,00:00,0.60000,0.60180,0.59010,0.59380,631
1998.08.16,00:00,0.59300,0.60000,0.58000,0.58350,680
1998.08.23,00:00,0.58210,0.58300,0.54900,0.56700,882
1998.08.30,00:00,0.56730,0.59200,0.56520,0.58900,966
1998.09.06,00:00,0.58720,0.60430,0.58100,0.59850,844
1998.09.13,00:00,0.59550,0.60000,0.58500,0.58730,777
1998.09.20,00:00,0.58620,0.59310,0.57500,0.58620,595
1998.09.27,00:00,0.58660,0.60040,0.58330,0.59620,721
1998.10.04,00:00,0.59660,0.62550,0.58130,0.61450,1392
1998.10.11,00:00,0.61470,0.64230,0.61470,0.63460,834
1998.10.18,00:00,0.63300,0.63600,0.61650,0.61880,774
1998.10.25,00:00,0.61890,0.62750,0.61150,0.62360,629
1998.11.01,00:00,0.62500,0.63630,0.62100,0.63580,521
1998.11.08,00:00,0.63460,0.64050,0.62170,0.63690,768
1998.11.15,00:00,0.63850,0.64840,0.62930,0.64280,744
1998.11.22,00:00,0.64030,0.64550,0.63230,0.63360,501
1998.11.29,00:00,0.63360,0.63850,0.61550,0.61720,698
1998.12.06,00:00,0.61800,0.62650,0.60950,0.62100,642
1998.12.13,00:00,0.61980,0.62710,0.61580,0.61990,624
1998.12.20,00:00,0.61900,0.62200,0.60850,0.60980,492
1998.12.27,00:00,0.60900,0.61600,0.60600,0.61160,461
1999.01.03,00:00,0.61160,0.63750,0.61160,0.63500,627
1999.01.10,00:00,0.63430,0.64450,0.62800,0.63430,790
1999.01.17,00:00,0.63420,0.64620,0.63150,0.63300,630
1999.01.24,00:00,0.63310,0.63430,0.62300,0.63050,517
1999.01.31,00:00,0.63130,0.65450,0.63050,0.65120,631
1999.02.07,00:00,0.65150,0.65550,0.63900,0.64700,661
1999.02.14,00:00,0.64700,0.65050,0.63140,0.64080,593
1999.02.21,00:00,0.64090,0.64200,0.61730,0.61910,660
1999.02.28,00:00,0.61850,0.63000,0.61610,0.62850,582
1999.03.07,00:00,0.62800,0.63950,0.62580,0.63640,551
1999.03.14,00:00,0.63520,0.63580,0.62330,0.63080,451
1999.03.21,00:00,0.63040,0.64260,0.62950,0.63550,511
1999.03.28,00:00,0.63400,0.63800,0.62550,0.63460,510
1999.04.04,00:00,0.63400,0.63600,0.62250,0.63120,466
1999.04.11,00:00,0.63250,0.64930,0.63220,0.64740,582
1999.04.18,00:00,0.64640,0.65750,0.64470,0.65170,546
1999.04.25,00:00,0.65170,0.66350,0.64540,0.66150,564
1999.05.02,00:00,0.66020,0.67480,0.65740,0.67240,665
1999.05.09,00:00,0.67050,0.67530,0.66300,0.66430,650
1999.05.16,00:00,0.66220,0.67450,0.65700,0.65780,659
1999.05.23,00:00,0.65740,0.66150,0.64600,0.65250,644
1999.05.30,00:00,0.65320,0.66020,0.64030,0.65920,599
1999.06.06,00:00,0.65700,0.66660,0.65480,0.66580,645
1999.06.13,00:00,0.66400,0.66570,0.64990,0.65250,477
1999.06.20,00:00,0.65280,0.66560,0.64810,0.66180,483
1999.06.27,00:00,0.66150,0.67120,0.65400,0.66850,589
1999.07.04,00:00,0.66790,0.67270,0.66050,0.66630,688
1999.07.11,00:00,0.66520,0.66720,0.65680,0.66080,524
1999.07.18,00:00,0.66060,0.66170,0.64150,0.64850,695
1999.07.25,00:00,0.65030,0.65450,0.64200,0.65170,516
1999.08.01,00:00,0.65030,0.66040,0.64680,0.65340,426
1999.08.08,00:00,0.65020,0.65500,0.64540,0.65250,493
1999.08.15,00:00,0.65330,0.65500,0.63300,0.63600,652
1999.08.22,00:00,0.63880,0.64130,0.62900,0.63190,541
1999.08.29,00:00,0.63000,0.64750,0.62820,0.64690,504
1999.09.05,00:00,0.64500,0.65500,0.64180,0.65150,470
1999.09.12,00:00,0.65120,0.65900,0.64500,0.64680,544
1999.09.19,00:00,0.64650,0.65420,0.64040,0.65090,564
1999.09.26,00:00,0.65300,0.66000,0.64820,0.65610,623
1999.10.03,00:00,0.65580,0.66700,0.65320,0.65480,485
1999.10.10,00:00,0.65350,0.65920,0.64550,0.64770,657
1999.10.17,00:00,0.64440,0.65200,0.64130,0.64910,433
1999.10.24,00:00,0.64880,0.65420,0.63580,0.63920,532
1999.10.31,00:00,0.63850,0.64570,0.63400,0.63950,531
1999.11.07,00:00,0.63890,0.64600,0.63580,0.64540,400
1999.11.14,00:00,0.64710,0.64780,0.63680,0.64000,394
1999.11.21,00:00,0.63930,0.64000,0.63060,0.63510,478
1999.11.28,00:00,0.63360,0.64000,0.62950,0.63250,511
1999.12.05,00:00,0.63290,0.64170,0.63030,0.63530,464
1999.12.12,00:00,0.63530,0.64670,0.63170,0.64300,495
1999.12.19,00:00,0.64280,0.64740,0.64050,0.64350,391
1999.12.26,00:00,0.64340,0.65800,0.64190,0.65750,397
2000.01.02,00:00,0.65610,0.66200,0.65180,0.65500,527
2000.01.09,00:00,0.65480,0.66970,0.65230,0.66620,459
2000.01.16,00:00,0.66470,0.66820,0.66130,0.66260,442
2000.01.23,00:00,0.65890,0.66000,0.62250,0.63510,902
2000.01.30,00:00,0.63880,0.64150,0.62830,0.63870,818
2000.02.06,00:00,0.63790,0.64350,0.62610,0.63200,679
2000.02.13,00:00,0.63160,0.63600,0.62360,0.62950,556
2000.02.20,00:00,0.62860,0.63000,0.61300,0.61510,599
2000.02.27,00:00,0.61650,0.61950,0.60230,0.60850,669
2000.03.05,00:00,0.60820,0.61700,0.60050,0.61490,510
2000.03.12,00:00,0.61250,0.61990,0.60480,0.60700,580
2000.03.19,00:00,0.60670,0.61160,0.60150,0.60800,400
2000.03.26,00:00,0.61050,0.61700,0.60190,0.60800,615
2000.04.02,00:00,0.60650,0.61050,0.59580,0.59900,561
2000.04.09,00:00,0.59690,0.60080,0.59350,0.59800,456
2000.04.16,00:00,0.60260,0.60460,0.58850,0.59480,536
2000.04.23,00:00,0.59200,0.59750,0.58250,0.58380,496
2000.04.30,00:00,0.58480,0.59800,0.57850,0.59650,598
2000.05.07,00:00,0.59590,0.59750,0.57450,0.58000,744
2000.05.14,00:00,0.58210,0.58280,0.56450,0.57420,741
2000.05.21,00:00,0.57200,0.57860,0.56640,0.57500,616
2000.05.28,00:00,0.57400,0.58290,0.56860,0.58020,678
2000.06.04,00:00,0.58150,0.59410,0.57750,0.58750,677
2000.06.11,00:00,0.58600,0.60960,0.58550,0.60630,658
2000.06.18,00:00,0.60550,0.60780,0.59350,0.59500,545
2000.06.25,00:00,0.59430,0.60540,0.59130,0.59530,509
2000.07.02,00:00,0.59710,0.60210,0.58600,0.59240,484
2000.07.09,00:00,0.59120,0.59610,0.58200,0.58440,529
2000.07.16,00:00,0.58390,0.58970,0.57450,0.58670,605
2000.07.23,00:00,0.58500,0.59400,0.58230,0.58820,620
2000.07.30,00:00,0.58700,0.58780,0.57560,0.58640,629
2000.08.06,00:00,0.58640,0.58950,0.57630,0.57880,511
2000.08.13,00:00,0.57900,0.59500,0.57680,0.59050,509
2000.08.20,00:00,0.59070,0.59180,0.56650,0.57450,637
2000.08.27,00:00,0.57300,0.57970,0.56800,0.57710,621
2000.09.03,00:00,0.57630,0.57880,0.55250,0.55550,672
2000.09.10,00:00,0.55640,0.56300,0.54400,0.54470,605
2000.09.17,00:00,0.54520,0.56050,0.53600,0.54450,807
2000.09.24,00:00,0.54900,0.55250,0.53840,0.54300,635
2000.10.01,00:00,0.54270,0.54850,0.52850,0.53370,625
2000.10.08,00:00,0.53370,0.53800,0.52630,0.52750,539
2000.10.15,00:00,0.52810,0.53050,0.51530,0.52980,641
2000.10.22,00:00,0.53140,0.53250,0.51440,0.52370,714
2000.10.29,00:00,0.52240,0.53450,0.51150,0.52650,1026
2000.11.05,00:00,0.52700,0.53310,0.51800,0.51960,609
2000.11.12,00:00,0.51910,0.52450,0.51750,0.51900,434
2000.11.19,00:00,0.51870,0.52910,0.50670,0.52370,776
2000.11.26,00:00,0.52100,0.54020,0.51860,0.53770,684
2000.12.03,00:00,0.53700,0.55200,0.53660,0.54840,614
2000.12.10,00:00,0.54420,0.54830,0.53700,0.54570,517
2000.12.17,00:00,0.54360,0.55840,0.53960,0.55670,535
2000.12.24,00:00,0.55650,0.56020,0.55150,0.55900,456
2000.12.31,00:00,0.55840,0.57300,0.55430,0.57150,528
2001.01.07,00:00,0.57120,0.57270,0.55200,0.55680,721
2001.01.14,00:00,0.55660,0.56310,0.54900,0.55650,647
2001.01.21,00:00,0.55520,0.55840,0.54100,0.54480,642
2001.01.28,00:00,0.54300,0.55720,0.54050,0.55330,583
2001.02.04,00:00,0.55030,0.55390,0.53200,0.53670,599
2001.02.11,00:00,0.53740,0.54040,0.52280,0.52900,512
2001.02.18,00:00,0.52930,0.53160,0.52030,0.52710,591
2001.02.25,00:00,0.52640,0.53080,0.52070,0.53050,457
2001.03.04,00:00,0.52880,0.52980,0.50610,0.50910,671
2001.03.11,00:00,0.50870,0.51190,0.49000,0.49430,576
2001.03.18,00:00,0.49480,0.50480,0.48900,0.49640,657
2001.03.25,00:00,0.49410,0.50210,0.48470,0.48600,700
2001.04.01,00:00,0.48580,0.49960,0.47730,0.49880,703
2001.04.08,00:00,0.49910,0.51090,0.49040,0.50800,451
2001.04.15,00:00,0.50740,0.51970,0.49220,0.51520,883
2001.04.22,00:00,0.51350,0.52020,0.50100,0.50980,830
2001.04.29,00:00,0.50800,0.52430,0.50610,0.51950,607
2001.05.06,00:00,0.51960,0.52730,0.51460,0.52200,536
2001.05.13,00:00,0.52070,0.53050,0.51500,0.53020,556
2001.05.20,00:00,0.52930,0.53230,0.50800,0.52070,646
2001.05.27,00:00,0.51990,0.52210,0.50270,0.50880,619
2001.06.03,00:00,0.50830,0.52600,0.50420,0.52600,577
2001.06.10,00:00,0.52460,0.53030,0.51990,0.52480,567
2001.06.17,00:00,0.52360,0.52780,0.51450,0.51610,515
2001.06.24,00:00,0.51680,0.52300,0.50430,0.51100,539
2001.07.01,00:00,0.51080,0.52040,0.50360,0.50930,566
2001.07.08,00:00,0.50820,0.51390,0.50090,0.50830,557
2001.07.15,00:00,0.51040,0.51920,0.50380,0.50600,553
2001.07.22,00:00,0.50570,0.51240,0.50350,0.50870,421
2001.07.29,00:00,0.50810,0.52170,0.50180,0.51680,457
2001.08.05,00:00,0.51640,0.52080,0.50860,0.51290,21780
2001.08.12,00:00,0.51340,0.53830,0.51290,0.53570,22539
2001.08.19,00:00,0.53650,0.53990,0.52830,0.53460,19758
2001.08.26,00:00,0.53400,0.53560,0.52470,0.52940,16823
2001.09.02,00:00,0.52840,0.52910,0.51570,0.51950,16876
2001.09.09,00:00,0.51840,0.52420,0.51100,0.51500,16750
2001.09.16,00:00,0.51670,0.51720,0.48150,0.48490,19121
2001.09.23,00:00,0.48590,0.49840,0.48150,0.49130,18555
2001.09.30,00:00,0.49260,0.50860,0.48950,0.50690,16930
2001.10.07,00:00,0.50780,0.50890,0.49610,0.50580,18449
2001.10.14,00:00,0.51150,0.51770,0.50480,0.50920,18542
2001.10.21,00:00,0.50890,0.51150,0.50040,0.50240,14111
2001.10.28,00:00,0.50140,0.51350,0.49960,0.50880,16755
2001.11.04,00:00,0.50760,0.51810,0.50570,0.51490,15525
2001.11.11,00:00,0.51890,0.52540,0.51510,0.52220,17991
2001.11.18,00:00,0.52320,0.52390,0.51420,0.51800,16899
2001.11.25,00:00,0.51770,0.52450,0.51600,0.52180,15742
2001.12.02,00:00,0.52070,0.52270,0.51240,0.51810,13865
2001.12.09,00:00,0.51480,0.52170,0.51320,0.51780,11930
2001.12.16,00:00,0.51930,0.52020,0.50370,0.50870,14879
2001.12.23,00:00,0.50940,0.51240,0.50530,0.51060,7315
2001.12.30,00:00,0.51130,0.52190,0.50800,0.52100,10368
2002.01.06,00:00,0.52040,0.52780,0.51680,0.52000,15422
2002.01.13,00:00,0.51850,0.52040,0.51140,0.51430,2658
2002.01.20,00:00,0.51470,0.52240,0.51380,0.51670,10236
2002.01.27,00:00,0.51660,0.51820,0.50480,0.50940,12528
2002.02.03,00:00,0.50910,0.51310,0.50510,0.51130,9787
2002.02.10,00:00,0.51100,0.51930,0.50660,0.51710,9653
2002.02.17,00:00,0.51720,0.52000,0.51110,0.51270,10444
2002.02.24,00:00,0.51340,0.52080,0.51100,0.51940,13466
2002.03.03,00:00,0.52080,0.52720,0.51810,0.52310,12784
2002.03.10,00:00,0.52180,0.52660,0.51800,0.52590,9770
2002.03.17,00:00,0.52590,0.53410,0.52110,0.53070,13117
2002.03.24,00:00,0.53060,0.53620,0.52620,0.53330,12010
2002.03.31,00:00,0.53320,0.53660,0.52820,0.53060,12442
2002.04.07,00:00,0.52910,0.53730,0.52530,0.53430,12435
2002.04.14,00:00,0.53380,0.54190,0.52970,0.54040,28051
2002.04.21,00:00,0.53970,0.54630,0.53680,0.54370,29245
2002.04.28,00:00,0.54380,0.54550,0.53370,0.53940,34476
2002.05.05,00:00,0.54080,0.54590,0.53750,0.54500,27207
2002.05.12,00:00,0.54390,0.55380,0.54320,0.55260,34556
2002.05.19,00:00,0.55260,0.56180,0.55030,0.55650,39676
2002.05.26,00:00,0.55580,0.57040,0.55500,0.56740,26953
2002.06.02,00:00,0.56750,0.57830,0.56630,0.57340,27090
2002.06.09,00:00,0.57130,0.57280,0.55720,0.56040,47282
2002.06.16,00:00,0.56080,0.57550,0.55510,0.57490,46202
2002.06.23,00:00,0.57430,0.58040,0.55800,0.56360,61990
2002.06.30,00:00,0.56300,0.56500,0.55350,0.55750,47670
2002.07.07,00:00,0.55710,0.57170,0.55480,0.55880,51011
2002.07.14,00:00,0.55970,0.56520,0.54930,0.55650,49000
2002.07.21,00:00,0.55700,0.55740,0.53430,0.53630,59518
2002.07.28,00:00,0.53600,0.54870,0.53500,0.53930,51872
2002.08.04,00:00,0.53880,0.54010,0.52280,0.53590,64211
2002.08.11,00:00,0.53560,0.54750,0.53360,0.54620,48794
2002.08.18,00:00,0.54570,0.54750,0.53850,0.54320,44991
2002.08.25,00:00,0.54370,0.55510,0.54210,0.55080,14978
2002.09.01,00:00,0.55010,0.55310,0.53930,0.54740,49257
2002.09.08,00:00,0.54760,0.55420,0.54480,0.55020,51748
2002.09.15,00:00,0.54990,0.55280,0.54330,0.54620,53576
2002.09.22,00:00,0.54580,0.54870,0.54120,0.54380,53436
2002.09.29,00:00,0.54350,0.54820,0.53990,0.54640,16746
2002.10.06,00:00,0.54640,0.55120,0.54560,0.54960,18030
2002.10.13,00:00,0.54770,0.55340,0.54480,0.55020,17790
2002.10.20,00:00,0.55020,0.55710,0.54910,0.55570,18941
2002.10.27,00:00,0.55590,0.56000,0.55110,0.55940,16303
2002.11.03,00:00,0.55970,0.56810,0.55930,0.56460,17785
2002.11.10,00:00,0.56370,0.56630,0.55790,0.56370,17231
2002.11.17,00:00,0.56360,0.56530,0.55640,0.56370,20222
2002.11.24,00:00,0.56460,0.56510,0.55440,0.56080,16424
2002.12.01,00:00,0.56080,0.56280,0.55610,0.56110,17835
2002.12.08,00:00,0.56310,0.56880,0.55830,0.56510,19037
2002.12.15,00:00,0.56500,0.56960,0.55970,0.56260,18185
2002.12.22,00:00,0.56380,0.56520,0.56010,0.56120,11883
2002.12.29,00:00,0.56190,0.56820,0.55880,0.56770,13166
2003.01.05,00:00,0.56720,0.58450,0.56690,0.58330,20562
2003.01.12,00:00,0.58270,0.59330,0.58060,0.59200,18957
2003.01.19,00:00,0.59110,0.59390,0.58440,0.59210,12265
2003.01.26,00:00,0.59150,0.59470,0.58540,0.58720,12360
2003.02.02,00:00,0.58600,0.59380,0.58240,0.58990,11480
2003.02.09,00:00,0.59030,0.59750,0.58660,0.59220,16876
2003.02.16,00:00,0.59120,0.60000,0.58820,0.59760,17191
2003.02.23,00:00,0.59750,0.60940,0.59570,0.60890,18702
2003.03.02,00:00,0.60790,0.61850,0.60580,0.61330,21296
2003.03.09,00:00,0.61280,0.61710,0.58920,0.59780,23778
2003.03.16,00:00,0.59810,0.60290,0.58790,0.59110,21762
2003.03.23,00:00,0.59270,0.60220,0.59200,0.60020,18813
2003.03.30,00:00,0.60000,0.60670,0.59530,0.60090,20433
2003.04.06,00:00,0.59970,0.60820,0.59260,0.60570,19644
2003.04.13,00:00,0.60490,0.61720,0.60130,0.61460,16094
2003.04.20,00:00,0.61450,0.62340,0.61250,0.61660,18488
2003.04.27,00:00,0.61600,0.63460,0.61460,0.63160,19278
2003.05.04,00:00,0.63010,0.64750,0.62920,0.64670,20251
2003.05.11,00:00,0.64630,0.65390,0.63720,0.65330,20175
2003.05.18,00:00,0.65830,0.66190,0.65220,0.66030,21071
2003.05.25,00:00,0.65960,0.66280,0.64280,0.65270,23786
2003.06.01,00:00,0.65020,0.67120,0.64800,0.65840,25299
2003.06.08,00:00,0.65910,0.66910,0.65400,0.66860,20820
2003.06.15,00:00,0.66840,0.67410,0.66470,0.66850,22364
2003.06.22,00:00,0.66770,0.67330,0.66100,0.66770,22473
2003.06.29,00:00,0.66620,0.68420,0.66530,0.67860,20386
2003.07.06,00:00,0.67910,0.68500,0.64860,0.65980,32524
2003.07.13,00:00,0.65720,0.66180,0.64400,0.64820,27619
2003.07.20,00:00,0.64700,0.66690,0.64580,0.66340,26559
2003.07.27,00:00,0.66240,0.66810,0.64450,0.65160,27869
2003.08.03,00:00,0.65240,0.65420,0.64090,0.65240,27767
2003.08.10,00:00,0.65290,0.66160,0.65030,0.66030,42376
2003.08.17,00:00,0.66060,0.66260,0.64700,0.65250,47633
2003.08.24,00:00,0.65130,0.65390,0.63530,0.64720,42787
2003.08.31,00:00,0.64730,0.64910,0.63390,0.64880,14284
2003.09.07,00:00,0.64900,0.66500,0.64480,0.66340,11878
2003.09.14,00:00,0.66370,0.67390,0.65860,0.67270,12954
2003.09.21,00:00,0.67760,0.68390,0.67340,0.67380,15398
2003.09.28,00:00,0.67580,0.68820,0.66810,0.67910,19701
2003.10.05,00:00,0.67880,0.69600,0.67590,0.69160,18472
2003.10.12,00:00,0.69270,0.69450,0.68240,0.69260,20056
2003.10.19,00:00,0.69390,0.70770,0.68910,0.69920,17096
2003.10.26,00:00,0.69940,0.71100,0.69910,0.70840,18032
2003.11.02,00:00,0.70750,0.71270,0.69420,0.70970,22243
2003.11.09,00:00,0.71040,0.72270,0.70950,0.72080,16201
2003.11.16,00:00,0.72050,0.72690,0.70930,0.72380,18057
2003.11.23,00:00,0.72270,0.72600,0.71540,0.72440,12323
2003.11.30,00:00,0.72410,0.73870,0.72310,0.73680,15265
2003.12.07,00:00,0.73650,0.74380,0.73310,0.74190,16065
2003.12.14,00:00,0.73690,0.74580,0.73450,0.73600,17280
2003.12.21,00:00,0.73650,0.74480,0.73110,0.74090,11681
2003.12.28,00:00,0.74140,0.75940,0.74060,0.75810,10456
2004.01.04,00:00,0.75940,0.77860,0.75890,0.77680,19565
2004.01.11,00:00,0.77730,0.78160,0.76100,0.76370,22156
2004.01.18,00:00,0.76320,0.77990,0.75290,0.77120,24044
2004.01.25,00:00,0.77150,0.78160,0.75420,0.76420,39406
2004.02.01,00:00,0.76430,0.77140,0.75570,0.77100,29881
2004.02.08,00:00,0.76630,0.79500,0.76510,0.78980,23975
2004.02.15,00:00,0.78950,0.80080,0.76410,0.77110,26841
2004.02.22,00:00,0.77010,0.78200,0.76510,0.77370,27082
2004.02.29,00:00,0.77280,0.77760,0.74010,0.75940,26632
2004.03.07,00:00,0.75850,0.76610,0.72520,0.73350,29941
2004.03.14,00:00,0.73060,0.75520,0.72890,0.74910,23449
2004.03.21,00:00,0.74780,0.75610,0.73700,0.74700,23025
2004.03.28,00:00,0.74580,0.76940,0.74330,0.75710,19870
2004.04.04,00:00,0.75600,0.76970,0.75100,0.76340,17466
2004.04.11,00:00,0.76270,0.76920,0.72960,0.74400,21749
2004.04.18,00:00,0.74580,0.75160,0.72320,0.73370,22602
2004.04.25,00:00,0.72980,0.73710,0.71220,0.72080,21680
2004.05.02,00:00,0.72280,0.73450,0.70160,0.70350,20562
2004.05.09,00:00,0.70210,0.70470,0.68280,0.69150,26194
2004.05.16,00:00,0.69200,0.70380,0.67940,0.69790,22698
2004.05.23,00:00,0.69980,0.72050,0.69440,0.71460,22080
2004.05.30,00:00,0.71450,0.71780,0.68450,0.69590,24980
2004.06.06,00:00,0.69850,0.70800,0.68610,0.69160,18461
2004.06.13,00:00,0.69200,0.69960,0.67730,0.68890,24859
2004.06.20,00:00,0.69070,0.70300,0.68430,0.70060,24215
2004.06.27,00:00,0.69960,0.71420,0.68760,0.71330,34664
2004.07.04,00:00,0.71280,0.72460,0.71140,0.72210,31495
2004.07.11,00:00,0.72290,0.73280,0.71950,0.73230,29589
2004.07.18,00:00,0.73180,0.73510,0.70720,0.70920,37630
2004.07.25,00:00,0.70880,0.71450,0.69290,0.70270,40483
2004.08.01,00:00,0.70370,0.71620,0.69830,0.71380,28036
2004.08.08,00:00,0.71390,0.71870,0.70570,0.71700,25293
2004.08.15,00:00,0.71700,0.72660,0.71280,0.72390,27455
2004.08.22,00:00,0.72320,0.72390,0.70010,0.70270,30576
2004.08.29,00:00,0.70180,0.70800,0.68880,0.69120,29901
2004.09.05,00:00,0.69160,0.69990,0.68510,0.69560,27051
2004.09.12,00:00,0.69660,0.70510,0.69320,0.69810,24992
2004.09.19,00:00,0.69830,0.71750,0.69720,0.71460,26797
2004.09.26,00:00,0.71390,0.72870,0.70990,0.72590,31106
2004.10.03,00:00,0.72390,0.73700,0.71850,0.73490,28169
2004.10.10,00:00,0.73780,0.73890,0.72130,0.73130,34705
2004.10.17,00:00,0.73070,0.74080,0.72200,0.74010,36095
2004.10.24,00:00,0.74240,0.75130,0.73670,0.74850,42573
2004.10.31,00:00,0.74900,0.76370,0.74330,0.76300,36551
2004.11.07,00:00,0.76380,0.77060,0.75520,0.76930,33062
2004.11.14,00:00,0.76920,0.78670,0.76860,0.78390,33794
2004.11.21,00:00,0.78510,0.79500,0.77710,0.79070,29536
2004.11.28,00:00,0.79020,0.79050,0.76930,0.78170,42221
2004.12.05,00:00,0.78020,0.78260,0.74410,0.75140,41145
2004.12.12,00:00,0.74900,0.76720,0.74870,0.76210,37889
2004.12.19,00:00,0.76500,0.77150,0.76120,0.76910,24061
2004.12.26,00:00,0.76920,0.78470,0.76810,0.78080,20848
2005.01.02,00:00,0.78230,0.78410,0.75380,0.75740,34333
2005.01.09,00:00,0.75740,0.76990,0.75480,0.75890,43032
2005.01.16,00:00,0.75850,0.77160,0.75040,0.76930,42212
2005.01.23,00:00,0.77020,0.78050,0.76270,0.77500,36904
2005.01.30,00:00,0.77380,0.77910,0.76710,0.77020,36983
2005.02.06,00:00,0.76760,0.78660,0.76100,0.78600,39374
2005.02.13,00:00,0.78570,0.79010,0.77850,0.78840,35904
2005.02.20,00:00,0.78940,0.79610,0.78070,0.78650,32437
2005.02.27,00:00,0.78640,0.79480,0.77710,0.79080,24538
2005.03.06,00:00,0.78970,0.79920,0.78700,0.79230,30162
2005.03.13,00:00,0.79290,0.79590,0.78590,0.79510,20420
2005.03.20,00:00,0.79370,0.79410,0.76970,0.77140,22749
2005.03.27,00:00,0.77230,0.77780,0.76680,0.77110,21839
2005.04.03,00:00,0.76870,0.77380,0.76250,0.77170,21127
2005.04.10,00:00,0.77140,0.78060,0.76490,0.76820,22345
2005.04.17,00:00,0.76880,0.78360,0.76330,0.78160,25412
2005.04.24,00:00,0.78190,0.78430,0.77410,0.78130,23580
2005.05.01,00:00,0.78030,0.78290,0.77200,0.77530,18786
2005.05.08,00:00,0.77380,0.77940,0.76010,0.76120,21889
2005.05.15,00:00,0.76180,0.76210,0.75290,0.75590,22917
2005.05.22,00:00,0.75480,0.76500,0.75430,0.76320,28143
2005.05.29,00:00,0.76180,0.76370,0.74730,0.75630,31536
2005.06.05,00:00,0.75560,0.77070,0.75530,0.76140,32245
2005.06.12,00:00,0.76230,0.77850,0.75880,0.77790,30271
2005.06.19,00:00,0.77580,0.78120,0.76650,0.76940,33257
2005.06.26,00:00,0.76970,0.77060,0.74950,0.75190,36708
2005.07.03,00:00,0.75090,0.75220,0.73650,0.74180,39969
2005.07.10,00:00,0.74240,0.75780,0.74170,0.74920,32893
2005.07.17,00:00,0.74850,0.76900,0.74730,0.76340,34852
2005.07.24,00:00,0.76250,0.76490,0.75270,0.75660,34694
2005.07.31,00:00,0.75610,0.77420,0.75510,0.76840,28212
2005.08.07,00:00,0.76800,0.77560,0.75840,0.77180,31595
2005.08.14,00:00,0.77300,0.77460,0.74950,0.75150,30884
2005.08.21,00:00,0.75150,0.76170,0.75080,0.75600,27972
2005.08.28,00:00,0.75500,0.76670,0.74560,0.76500,34027
2005.09.04,00:00,0.76370,0.77510,0.76350,0.77430,21923
2005.09.11,00:00,0.77450,0.77630,0.76410,0.76730,19749
2005.09.18,00:00,0.76570,0.77280,0.75690,0.75710,19737
2005.09.25,00:00,0.75700,0.76410,0.75280,0.76240,18221
2005.10.02,00:00,0.76220,0.76500,0.75510,0.75620,17977
2005.10.09,00:00,0.75630,0.76040,0.74620,0.75200,16643
2005.10.16,00:00,0.75380,0.75460,0.74380,0.74800,17920
2005.10.23,00:00,0.74860,0.76000,0.74660,0.74970,15886
2005.10.30,00:00,0.74890,0.75200,0.73110,0.73270,17451
2005.11.06,00:00,0.73180,0.73770,0.72830,0.73260,17065
2005.11.13,00:00,0.73220,0.73510,0.72630,0.73370,17202
2005.11.20,00:00,0.73290,0.74020,0.73200,0.73560,14638
2005.11.27,00:00,0.73360,0.74890,0.73220,0.74860,16495
2005.12.04,00:00,0.74660,0.75410,0.74410,0.75050,15863
2005.12.11,00:00,0.74850,0.75770,0.74190,0.74370,19264
2005.12.18,00:00,0.74400,0.74690,0.72650,0.72830,17034
2005.12.25,00:00,0.72860,0.73440,0.72330,0.73300,12209
2006.01.01,00:00,0.73180,0.75510,0.73140,0.75410,15579
2006.01.08,00:00,0.75300,0.75640,0.74790,0.75480,18016
2006.01.15,00:00,0.75440,0.75760,0.74430,0.74790,17399
2006.01.22,00:00,0.74920,0.75600,0.74830,0.75100,17712
2006.01.29,00:00,0.74920,0.75850,0.74730,0.74860,23695
2006.02.05,00:00,0.74870,0.74910,0.73650,0.73710,29846
2006.02.12,00:00,0.73660,0.74420,0.73460,0.73890,23294
2006.02.19,00:00,0.73940,0.74200,0.73420,0.73910,22872
2006.02.26,00:00,0.73850,0.74850,0.73600,0.74450,23653
2006.03.05,00:00,0.74430,0.74810,0.73010,0.73180,26730
2006.03.12,00:00,0.73100,0.74080,0.72630,0.72720,25062
2006.03.19,00:00,0.72730,0.72750,0.70600,0.70930,29328
2006.03.26,00:00,0.70880,0.71710,0.70140,0.71650,28187
2006.04.02,00:00,0.71540,0.73420,0.71140,0.72600,28190
2006.04.09,00:00,0.72590,0.73420,0.72370,0.72800,21510
2006.04.16,00:00,0.72760,0.74820,0.72700,0.74470,23769
2006.04.23,00:00,0.74680,0.76030,0.74180,0.75950,25939
2006.04.30,00:00,0.75860,0.77420,0.75510,0.77180,27425
2006.05.07,00:00,0.77250,0.77910,0.76320,0.77340,30510
2006.05.14,00:00,0.77400,0.77460,0.75240,0.75720,34729
2006.05.21,00:00,0.75590,0.76180,0.74650,0.75710,32551
2006.05.28,00:00,0.75740,0.76500,0.74400,0.75170,24967
2006.06.04,00:00,0.75070,0.75440,0.73910,0.74820,26796
2006.06.11,00:00,0.74830,0.74960,0.73430,0.73860,29881
2006.06.18,00:00,0.73760,0.74180,0.73030,0.73160,26732
2006.06.25,00:00,0.73110,0.74500,0.72680,0.74290,31605
2006.07.02,00:00,0.74310,0.75270,0.73990,0.75190,24876
2006.07.09,00:00,0.75130,0.75650,0.74590,0.75280,25812
2006.07.16,00:00,0.75290,0.75430,0.74040,0.75210,24579
2006.07.23,00:00,0.75230,0.76730,0.75010,0.76690,22750
2006.07.30,00:00,0.76680,0.76810,0.75840,0.76530,25342
2006.08.06,00:00,0.76640,0.77140,0.75640,0.76590,24714
2006.08.13,00:00,0.76550,0.76990,0.75620,0.75870,25293
2006.08.20,00:00,0.75900,0.76680,0.75500,0.75610,19936
2006.08.27,00:00,0.75720,0.76680,0.75620,0.76640,17711
2006.09.03,00:00,0.76690,0.77190,0.75290,0.75410,19802
2006.09.10,00:00,0.75310,0.75680,0.74830,0.75230,21358
2006.09.17,00:00,0.75190,0.75780,0.74920,0.75040,21677
2006.09.24,00:00,0.75070,0.75540,0.74330,0.74520,19992
2006.10.01,00:00,0.74500,0.74920,0.74130,0.74260,18710
2006.10.08,00:00,0.74270,0.75300,0.74150,0.75080,19178
2006.10.15,00:00,0.75060,0.76030,0.74910,0.75860,16369
2006.10.22,00:00,0.75850,0.76960,0.75580,0.76840,17377
2006.10.29,00:00,0.76820,0.77660,0.76710,0.76960,19890
2006.11.05,00:00,0.76950,0.77600,0.76440,0.76700,19157
2006.11.12,00:00,0.76670,0.76950,0.76130,0.76870,15760
2006.11.19,00:00,0.76950,0.77890,0.76740,0.77860,13297
2006.11.26,00:00,0.77970,0.79250,0.77610,0.78810,19129
2006.12.03,00:00,0.79030,0.79290,0.78350,0.78530,20006
2006.12.10,00:00,0.78470,0.78920,0.77680,0.78140,22115
2006.12.17,00:00,0.78010,0.78780,0.77790,0.78410,17864
2006.12.24,00:00,0.78260,0.80460,0.78080,0.78910,11178
2006.12.31,00:00,0.78870,0.79780,0.77830,0.77910,16351
2007.01.07,00:00,0.77880,0.78390,0.77600,0.78300,19825
2007.01.14,00:00,0.78450,0.79050,0.78120,0.78950,17560
2007.01.21,00:00,0.78890,0.79350,0.77190,0.77320,20933
2007.01.28,00:00,0.77370,0.77680,0.76960,0.77450,18084
2007.02.04,00:00,0.77380,0.78200,0.77240,0.77680,15597
2007.02.11,00:00,0.77710,0.78690,0.77070,0.78680,17215
2007.02.18,00:00,0.78690,0.79210,0.78450,0.79160,14591
2007.02.25,00:00,0.79190,0.79450,0.78150,0.78180,19787
2007.03.04,00:00,0.78200,0.78220,0.76800,0.77990,11144
2007.03.11,00:00,0.78080,0.79740,0.77950,0.79580,11228
2007.03.18,00:00,0.79410,0.80900,0.79340,0.80480,21405
2007.03.25,00:00,0.80470,0.81260,0.80280,0.80840,18822
2007.04.01,00:00,0.80990,0.82100,0.80630,0.81620,17941
2007.04.08,00:00,0.81650,0.83380,0.81510,0.83330,15090
2007.04.15,00:00,0.83420,0.83900,0.82810,0.83750,15255
2007.04.22,00:00,0.83740,0.83760,0.82330,0.82980,21106
2007.04.29,00:00,0.82890,0.83300,0.81700,0.82140,17913
2007.05.06,00:00,0.82110,0.83340,0.82040,0.83140,16566
2007.05.13,00:00,0.83180,0.83510,0.82030,0.82270,14805
2007.05.20,00:00,0.82370,0.82670,0.81750,0.81780,15706
2007.05.27,00:00,0.81830,0.83300,0.81630,0.83300,14606
2007.06.03,00:00,0.83250,0.84760,0.83100,0.84480,23210
2007.06.10,00:00,0.84440,0.84460,0.83320,0.84200,20958
2007.06.17,00:00,0.84150,0.84930,0.83980,0.84710,15072
2007.06.24,00:00,0.84820,0.85210,0.83550,0.84920,20913
2007.07.01,00:00,0.85250,0.86090,0.84960,0.85810,16385
2007.07.08,00:00,0.85800,0.87160,0.85650,0.87110,19416
2007.07.15,00:00,0.86970,0.88330,0.86930,0.88010,17883
2007.07.22,00:00,0.88020,0.88700,0.85090,0.85170,31564
2007.07.29,00:00,0.84850,0.86140,0.84460,0.85470,35149
2007.08.05,00:00,0.85320,0.86620,0.83990,0.84440,30275
2007.08.12,00:00,0.84580,0.85040,0.76750,0.79750,57939
2007.08.19,00:00,0.79840,0.82720,0.78910,0.82720,46141
2007.08.26,00:00,0.82730,0.83340,0.80500,0.81840,39158
2007.09.02,00:00,0.81590,0.83090,0.81590,0.82640,31750
2007.09.09,00:00,0.82620,0.84380,0.81720,0.84190,32795
2007.09.16,00:00,0.84160,0.87030,0.82760,0.86680,33871
2007.09.23,00:00,0.86760,0.88860,0.86110,0.88780,28387
2007.09.30,00:00,0.88850,0.90040,0.87940,0.89730,33606
2007.10.07,00:00,0.89960,0.90610,0.89110,0.90450,32012
2007.10.14,00:00,0.90600,0.90770,0.88150,0.89020,47937
2007.10.21,00:00,0.88860,0.91860,0.87480,0.91820,46729
2007.10.28,00:00,0.92100,0.93420,0.91070,0.92310,50030
2007.11.04,00:00,0.92090,0.93980,0.91000,0.91150,54733
2007.11.11,00:00,0.90510,0.90880,0.87520,0.89260,61706
2007.11.18,00:00,0.89400,0.89950,0.86510,0.87750,51053
2007.11.25,00:00,0.87800,0.89180,0.86660,0.88390,53112
2007.12.02,00:00,0.88510,0.88510,0.86590,0.87600,38783
2007.12.09,00:00,0.87560,0.89060,0.86030,0.86050,39596
2007.12.16,00:00,0.86320,0.86960,0.85510,0.86730,32291
2007.12.23,00:00,0.86810,0.87890,0.86720,0.87590,14054
2007.12.30,00:00,0.87660,0.88460,0.86990,0.87210,20555
2008.01.06,00:00,0.87140,0.89750,0.86820,0.89080,40230
2008.01.13,00:00,0.89160,0.90180,0.86990,0.87900,56743
2008.01.20,00:00,0.88100,0.88530,0.85120,0.87950,65650
2008.01.27,00:00,0.88000,0.90460,0.87680,0.90420,46695
2008.02.03,00:00,0.90250,0.91000,0.88730,0.89550,48170
2008.02.10,00:00,0.89680,0.90960,0.89220,0.90900,39328
2008.02.17,00:00,0.90760,0.92490,0.90680,0.92390,41703
2008.02.24,00:00,0.92330,0.94960,0.92160,0.93070,45029
2008.03.02,00:00,0.92990,0.94190,0.92170,0.92670,57064
2008.03.09,00:00,0.92700,0.94700,0.91470,0.93740,51814
2008.03.16,00:00,0.94090,0.94460,0.89530,0.90210,60023
2008.03.23,00:00,0.89920,0.92520,0.89790,0.91740,40966
2008.03.30,00:00,0.91630,0.92280,0.90310,0.92280,47677
2008.04.06,00:00,0.92090,0.93460,0.91780,0.92780,38862
2008.04.13,00:00,0.92560,0.94010,0.92050,0.93480,44135
2008.04.20,00:00,0.93320,0.95410,0.92900,0.93340,45544
2008.04.27,00:00,0.93420,0.94720,0.92750,0.93460,40315
2008.05.04,00:00,0.93480,0.95050,0.93420,0.94350,38334
2008.05.11,00:00,0.94120,0.95590,0.92910,0.95560,42198
2008.05.18,00:00,0.95580,0.96530,0.95100,0.95910,33823
2008.05.25,00:00,0.95930,0.96360,0.95120,0.95580,35152
2008.06.01,00:00,0.95480,0.96430,0.94860,0.96250,41376
2008.06.08,00:00,0.96180,0.96460,0.93270,0.93880,43278
2008.06.15,00:00,0.93910,0.95660,0.93700,0.95320,30389
2008.06.22,00:00,0.95330,0.96330,0.94930,0.96100,33434
2008.06.29,00:00,0.96080,0.96670,0.95110,0.96340,32014
2008.07.06,00:00,0.96250,0.97160,0.94750,0.96620,37316
2008.07.13,00:00,0.97020,0.98490,0.96630,0.97030,37287
2008.07.20,00:00,0.97200,0.97920,0.95390,0.95630,41670
2008.07.27,00:00,0.95440,0.95940,0.92850,0.92910,40256
2008.08.03,00:00,0.93000,0.93460,0.88660,0.88870,44881
2008.08.10,00:00,0.88640,0.89520,0.85910,0.86620,62273
2008.08.17,00:00,0.86670,0.88120,0.86250,0.86640,39886
2008.08.24,00:00,0.86740,0.86930,0.84930,0.85800,49798
2008.08.31,00:00,0.85680,0.85800,0.80290,0.81580,68735
2008.09.07,00:00,0.83300,0.83530,0.79000,0.82360,85004
2008.09.14,00:00,0.81850,0.83610,0.78020,0.83380,103114
2008.09.21,00:00,0.83660,0.85190,0.82390,0.83090,75668
2008.09.28,00:00,0.82750,0.83300,0.76980,0.77400,83971
2008.10.05,00:00,0.77160,0.77190,0.63300,0.64320,156890
2008.10.12,00:00,0.67850,0.72370,0.64950,0.68890,141092
2008.10.19,00:00,0.69160,0.70640,0.60560,0.62240,122807
2008.10.26,00:00,0.61590,0.68910,0.60080,0.66760,129744
2008.11.02,00:00,0.67120,0.70140,0.65430,0.67400,106266
2008.11.09,00:00,0.68880,0.69860,0.63400,0.64850,109431
2008.11.16,00:00,0.63920,0.65980,0.60750,0.63220,97442
2008.11.23,00:00,0.63600,0.66170,0.62300,0.65510,86204
2008.11.30,00:00,0.65160,0.65370,0.62920,0.64610,59439
2008.12.07,00:00,0.64690,0.67970,0.64640,0.66430,56315
2008.12.14,00:00,0.66240,0.71400,0.66230,0.68010,78055
2008.12.21,00:00,0.68110,0.68940,0.67600,0.68310,27874
2008.12.28,00:00,0.68400,0.71150,0.68330,0.71110,25490
2009.01.04,00:00,0.71400,0.72670,0.69570,0.70310,62362
2009.01.11,00:00,0.69920,0.69940,0.65370,0.67300,84664
2009.01.18,00:00,0.67800,0.68400,0.64180,0.65370,78370
2009.01.25,00:00,0.65320,0.67290,0.63450,0.63730,74163
2009.02.01,00:00,0.63590,0.68010,0.62480,0.67510,83084
2009.02.08,00:00,0.67202,0.68490,0.64275,0.65655,110867
2009.02.15,00:00,0.65180,0.65370,0.63310,0.64500,87143
2009.02.22,00:00,0.64458,0.65534,0.63387,0.63877,151037
2009.03.01,00:00,0.63700,0.65243,0.62841,0.64030,172202
2009.03.08,00:00,0.64125,0.66034,0.63042,0.65795,146066
2009.03.15,00:00,0.65342,0.69420,0.65337,0.68663,176687
2009.03.22,00:00,0.69297,0.70916,0.68655,0.69395,163839
2009.03.29,00:00,0.69001,0.72268,0.67683,0.71474,168850
2009.04.05,00:00,0.71570,0.72065,0.70320,0.71935,158357
2009.04.12,00:00,0.72171,0.73220,0.71375,0.72235,177031
2009.04.19,00:00,0.72308,0.72379,0.69515,0.72300,161759
2009.04.26,00:00,0.72111,0.73821,0.69883,0.73040,176113
2009.05.03,00:00,0.73240,0.77063,0.73127,0.76840,183027
2009.05.10,00:00,0.77105,0.77105,0.74650,0.74885,214576
2009.05.17,00:00,0.74998,0.78661,0.74492,0.78246,248098
2009.05.24,00:00,0.78215,0.80140,0.77027,0.80075,290813
2009.05.31,00:00,0.80274,0.82626,0.79128,0.79304,370517
2009.06.07,00:00,0.79344,0.82363,0.78268,0.81216,334254
2009.06.14,00:00,0.80845,0.81178,0.78495,0.80596,304908
2009.06.21,00:00,0.80473,0.80864,0.77889,0.80766,323522
2009.06.28,00:00,0.80628,0.81547,0.79019,0.79658,258821
2009.07.05,00:00,0.79451,0.80378,0.77222,0.77853,318269
2009.07.12,00:00,0.77890,0.80703,0.77026,0.80209,283950
2009.07.19,00:00,0.80250,0.82210,0.80226,0.81696,269143
2009.07.26,00:00,0.81823,0.83648,0.81244,0.83561,311338
2009.08.02,00:00,0.83535,0.84687,0.83384,0.83706,276694
2009.08.09,00:00,0.83392,0.84768,0.81797,0.83235,279957
2009.08.16,00:00,0.82966,0.83945,0.81548,0.83459,298434
2009.08.23,00:00,0.83775,0.84696,0.82377,0.84091,236925
2009.08.30,00:00,0.84226,0.85346,0.82393,0.85039,243768
2009.09.06,00:00,0.85145,0.86744,0.85102,0.86315,212976
2009.09.13,00:00,0.86207,0.87745,0.85435,0.86723,209083
2009.09.20,00:00,0.86579,0.87876,0.85895,0.86770,235613
2009.09.27,00:00,0.86640,0.88578,0.85674,0.86481,256720
2009.10.04,00:00,0.86525,0.90893,0.86454,0.90353,246135
2009.10.11,00:00,0.90379,0.92686,0.89835,0.91626,252120
2009.10.18,00:00,0.91475,0.93262,0.91117,0.92220,261310
2009.10.25,00:00,0.92156,0.92752,0.89424,0.89995,265904
2009.11.01,00:00,0.89650,0.91979,0.89049,0.91856,225108
2009.11.08,00:00,0.92270,0.93691,0.91946,0.93276,190686
2009.11.15,00:00,0.93357,0.94053,0.90605,0.91434,186334
2009.11.22,00:00,0.91461,0.93221,0.89456,0.90591,194544
2009.11.29,00:00,0.91256,0.93220,0.90951,0.91435,197721
2009.12.06,00:00,0.91305,0.91951,0.90142,0.91252,209179
2009.12.13,00:00,0.91121,0.91745,0.88095,0.89005,190211
2009.12.20,00:00,0.89079,0.89107,0.87343,0.88385,94682
2009.12.27,00:00,0.88497,0.90073,0.88270,0.89761,63927
2010.01.03,00:00,0.89841,0.92652,0.89374,0.92460,170505
2010.01.10,00:00,0.92864,0.93283,0.91702,0.92239,182135
2010.01.17,00:00,0.92069,0.92790,0.89820,0.90006,203329
2010.01.24,00:00,0.90328,0.90928,0.88321,0.88346,241116
2010.01.31,00:00,0.88007,0.89261,0.85775,0.86811,250852
2010.02.07,00:00,0.86735,0.89195,0.86134,0.88747,247979
2010.02.14,00:00,0.88859,0.90354,0.88481,0.89864,190895
2010.02.21,00:00,0.90112,0.90708,0.88003,0.89517,225160
2010.02.28,00:00,0.89599,0.90924,0.89349,0.90752,220543
2010.03.07,00:00,0.90784,0.91932,0.90551,0.91499,180745
2010.03.14,00:00,0.91718,0.92514,0.90944,0.91520,181452
2010.03.21,00:00,0.91506,0.91972,0.90008,0.90385,190955
2010.03.28,00:00,0.90523,0.92163,0.90324,0.91875,146342
2010.04.04,00:00,0.91999,0.93449,0.91651,0.93287,141741
2010.04.11,00:00,0.93805,0.93872,0.92228,0.92443,173664
2010.04.18,00:00,0.92091,0.93377,0.91575,0.92766,211133
2010.04.25,00:00,0.92576,0.93238,0.91347,0.92423,219192
2010.05.02,00:00,0.92344,0.92741,0.87066,0.88799,283379
2010.05.09,00:00,0.90091,0.90782,0.88498,0.88568,266562
2010.05.16,00:00,0.88498,0.88604,0.80708,0.83229,378197
2010.05.23,00:00,0.83162,0.85509,0.80657,0.84723,328580
2010.05.30,00:00,0.84528,0.85224,0.82122,0.82300,266312
2010.06.06,00:00,0.81985,0.85084,0.80816,0.85009,303534
2010.06.13,00:00,0.85270,0.87290,0.85051,0.87184,225691
2010.06.20,00:00,0.88196,0.88587,0.85950,0.87401,242997
2010.06.27,00:00,0.87330,0.87757,0.83153,0.84153,253884
2010.07.04,00:00,0.84158,0.87903,0.83163,0.87718,190633
2010.07.11,00:00,0.87719,0.88704,0.86811,0.86865,214555
2010.07.18,00:00,0.86613,0.89701,0.86325,0.89533,222503
2010.07.25,00:00,0.89552,0.90680,0.89046,0.90452,196106
2010.08.01,00:00,0.90533,0.92211,0.90440,0.91813,211846
2010.08.08,00:00,0.91901,0.92049,0.89137,0.89256,240950
2010.08.15,00:00,0.89289,0.90790,0.88405,0.89374,245808
2010.08.22,00:00,0.88613,0.89979,0.87699,0.89860,252378
2010.08.29,00:00,0.90185,0.91750,0.88603,0.91645,234702
2010.09.05,00:00,0.91539,0.92765,0.90916,0.92632,275175
2010.09.12,00:00,0.92949,0.94682,0.92879,0.93583,295610
2010.09.19,00:00,0.93762,0.96146,0.93608,0.95901,310770
2010.09.26,00:00,0.96094,0.97494,0.95586,0.97206,323494
2010.10.03,00:00,0.97267,0.99171,0.95412,0.98460,340828
2010.10.10,00:00,0.98953,1.00023,0.97665,0.99051,314064
2010.10.17,00:00,0.99269,0.99571,0.96611,0.98256,398066
2010.10.24,00:00,0.98699,0.99736,0.96512,0.98344,356560
2010.10.31,00:00,0.98497,1.01822,0.98134,1.01559,330160
2010.11.07,00:00,1.01521,1.01731,0.98249,0.98473,429089
2010.11.14,00:00,0.98888,0.99193,0.97242,0.98640,450487
2010.11.21,00:00,0.98736,0.99536,0.96121,0.96429,670651
2010.11.28,00:00,0.96814,0.99376,0.95357,0.99268,827871
2010.12.05,00:00,0.98991,0.99649,0.97522,0.98523,743745
2010.12.12,00:00,0.98373,1.00277,0.98305,0.98795,631271
2010.12.19,00:00,0.98868,1.00637,0.98618,1.00443,399949
2010.12.26,00:00,1.00058,1.02554,0.99868,1.02287,385670
2011.01.02,00:00,1.02015,1.02239,0.99071,0.99557,302317
2011.01.09,00:00,0.99267,1.00185,0.98033,0.98851,319745
2011.01.16,00:00,0.99025,1.00759,0.98316,0.98969,321146
2011.01.23,00:00,0.98796,1.00206,0.98623,0.99271,335061
2011.01.30,00:00,0.98910,1.01992,0.98657,1.01355,324282
2011.02.06,00:00,1.01300,1.01886,0.99603,1.00189,304987
2011.02.13,00:00,0.99823,1.01565,0.99430,1.01438,300897
2011.02.20,00:00,1.01364,1.01769,0.99658,1.01747,303877
2011.02.27,00:00,1.01502,1.02005,1.00750,1.01363,301580
2011.03.06,00:00,1.01450,1.01838,0.99680,1.01364,307436
2011.03.13,00:00,1.01264,1.01266,0.97044,0.99568,400389
2011.03.20,00:00,0.99558,1.02931,0.99508,1.02591,277828
2011.03.27,00:00,1.02401,1.03942,1.02038,1.03825,268394
2011.04.03,00:00,1.03977,1.05809,1.02876,1.05620,228210
2011.04.10,00:00,1.05640,1.05802,1.03894,1.05668,241647
2011.04.17,00:00,1.05618,1.07738,1.04424,1.07335,208124
2011.04.24,00:00,1.07385,1.09763,1.06759,1.09688,244539
2011.05.01,00:00,1.09710,1.10109,1.05360,1.06992,356684
2011.05.08,00:00,1.07113,1.08877,1.05199,1.05707,383089
2011.05.15,00:00,1.05750,1.07100,1.05048,1.06570,369452
2011.05.22,00:00,1.06409,1.07180,1.04403,1.07049,391366
2011.05.29,00:00,1.07239,1.07734,1.05865,1.07141,331710
2011.06.05,00:00,1.07105,1.07670,1.05256,1.05350,349258
2011.06.12,00:00,1.05314,1.07145,1.04774,1.06216,368762
2011.06.19,00:00,1.05999,1.06494,1.04544,1.04885,358447
2011.06.26,00:00,1.04800,1.07885,1.03902,1.07676,357697
2011.07.03,00:00,1.07765,1.07879,1.06540,1.07530,319351
2011.07.10,00:00,1.07110,1.07975,1.05250,1.06413,396753
2011.07.17,00:00,1.06264,1.08740,1.05599,1.08433,342487
2011.07.24,00:00,1.08288,1.10795,1.07948,1.09904,328141
2011.07.31,00:00,1.10284,1.10643,1.03748,1.04400,411950
2011.08.07,00:00,1.04250,1.04482,0.99265,1.03468,532125
2011.08.14,00:00,1.03490,1.06006,1.03146,1.04034,378620
2011.08.21,00:00,1.03980,1.05910,1.03618,1.05663,352513
2011.08.28,00:00,1.05860,1.07641,1.05597,1.06415,316934
2011.09.04,00:00,1.06045,1.06599,1.04212,1.04681,372892
2011.09.11,00:00,1.04285,1.04395,1.01772,1.03581,442156
2011.09.18,00:00,1.02981,1.03133,0.96696,0.97759,487822
2011.09.25,00:00,0.98068,0.99840,0.96216,0.96584,500870
2011.10.02,00:00,0.96544,0.98784,0.93898,0.97646,500570
2011.10.09,00:00,0.97650,1.03442,0.97485,1.03373,437596
2011.10.16,00:00,1.03236,1.03764,1.01177,1.03732,468042
2011.10.23,00:00,1.03312,1.07512,1.03141,1.06987,466790
2011.10.30,00:00,1.07064,1.07069,1.02024,1.03727,501378
2011.11.06,00:00,1.04048,1.04252,1.00525,1.02727,456885
2011.11.13,00:00,1.03410,1.03417,0.99634,1.00037,467025
2011.11.20,00:00,0.99931,1.00115,0.96630,0.97063,447034
2011.11.27,00:00,0.98188,1.03265,0.97889,1.02131,455283
2011.12.04,00:00,1.02498,1.03777,1.00471,1.02123,410106
2011.12.11,00:00,1.02055,1.02138,0.98610,0.99799,394384
2011.12.18,00:00,0.99865,1.02183,0.98820,1.01430,349576
2011.12.25,00:00,1.01636,1.02671,1.00438,1.02000,228743
2012.01.01,00:00,1.02170,1.03854,1.01937,1.02260,316900
2012.01.08,00:00,1.01990,1.03768,1.01448,1.03223,363516
2012.01.15,00:00,1.02877,1.04873,1.02530,1.04828,358057
2012.01.22,00:00,1.04764,1.06870,1.04278,1.06565,351291
2012.01.29,00:00,1.06363,1.07931,1.05264,1.07669,378705
2012.02.05,00:00,1.07509,1.08436,1.06396,1.06715,396767
2012.02.12,00:00,1.06863,1.07977,1.06280,1.07032,375149
2012.02.19,00:00,1.07683,1.08146,1.05958,1.06926,347358
2012.02.26,00:00,1.07037,1.08550,1.06502,1.07300,366307
2012.03.04,00:00,1.07390,1.07421,1.05073,1.05746,346277
2012.03.11,00:00,1.05650,1.05965,1.04211,1.05884,332620
2012.03.18,00:00,1.05899,1.06364,1.03359,1.04620,344077
2012.03.25,00:00,1.04590,1.05562,1.03043,1.03433,333326
2012.04.01,00:00,1.04480,1.04626,1.02429,1.03008,321719
2012.04.08,00:00,1.02950,1.04508,1.02250,1.03710,331621
2012.04.15,00:00,1.03712,1.04173,1.03041,1.03786,347522
2012.04.22,00:00,1.03690,1.04738,1.02461,1.04689,329630
2012.04.29,00:00,1.04570,1.04684,1.01688,1.01783,289794
2012.05.06,00:00,1.01527,1.02184,1.00177,1.00185,359648
2012.05.13,00:00,1.00130,1.00334,0.97945,0.98430,376879
2012.05.20,00:00,0.98368,0.99344,0.96894,0.97567,401312
2012.05.27,00:00,0.98137,0.98969,0.95814,0.96912,416156
2012.06.03,00:00,0.96982,1.00018,0.96266,0.99127,429483
2012.06.10,00:00,0.99849,1.00882,0.98492,1.00693,401403
2012.06.17,00:00,1.01140,1.02233,1.00077,1.00600,409484
2012.06.24,00:00,1.00437,1.02566,0.99684,1.02359,439021
2012.07.01,00:00,1.02630,1.03284,1.01792,1.02085,416795
2012.07.08,00:00,1.01970,1.02806,1.01002,1.02252,429268
2012.07.15,00:00,1.02474,1.04432,1.02019,1.03756,417602
2012.07.22,00:00,1.03570,1.04854,1.01762,1.04801,477650
2012.07.29,00:00,1.04725,1.05775,1.04350,1.05676,441998
2012.08.05,00:00,1.05690,1.06124,1.04967,1.05752,405449
2012.08.12,00:00,1.05523,1.05728,1.04098,1.04171,360940
2012.08.19,00:00,1.04330,1.05434,1.03751,1.04010,342427
2012.08.26,00:00,1.04221,1.04241,1.02761,1.03192,238009
2012.09.02,00:00,1.02843,1.03989,1.01665,1.03816,279157
2012.09.09,00:00,1.03688,1.06239,1.03219,1.05483,296851
2012.09.16,00:00,1.05527,1.05565,1.03672,1.04563,301570
2012.09.23,00:00,1.04426,1.04728,1.03280,1.03769,284207
2012.09.30,00:00,1.03614,1.04020,1.01511,1.01854,303627
2012.10.07,00:00,1.01542,1.02927,1.01521,1.02318,279645
2012.10.14,00:00,1.02548,1.04104,1.02010,1.03267,267086
2012.10.21,00:00,1.03310,1.03965,1.02356,1.03706,243917
2012.10.28,00:00,1.03641,1.04177,1.03241,1.03355,340962
2012.11.04,00:00,1.03377,1.04795,1.03302,1.03849,406309
2012.11.11,00:00,1.03975,1.04578,1.02866,1.03379,384070
2012.11.18,00:00,1.03496,1.04699,1.03373,1.04586,349227
2012.11.25,00:00,1.04555,1.04884,1.04013,1.04257,349459
2012.12.02,00:00,1.04266,1.05146,1.03920,1.04847,328373
2012.12.09,00:00,1.04865,1.05848,1.04602,1.05651,321764
2012.12.16,00:00,1.05502,1.05721,1.03933,1.03965,336151
2012.12.23,00:00,1.03971,1.04155,1.03440,1.03706,216159
2012.12.30,00:00,1.03666,1.05268,1.03637,1.04783,275055
2013.01.06,00:00,1.04765,1.05971,1.04666,1.05331,390200
2013.01.13,00:00,1.05501,1.05788,1.04847,1.05087,404081
2013.01.20,00:00,1.05052,1.05780,1.04017,1.04225,386608
2013.01.27,00:00,1.04145,1.04751,1.03603,1.04053,398813
2013.02.03,00:00,1.04240,1.04560,1.02542,1.03166,401773
2013.02.10,00:00,1.03103,1.03733,1.02258,1.03032,382097
2013.02.17,00:00,1.02896,1.03669,1.02200,1.03173,387125
2013.02.24,00:00,1.03030,1.03277,1.01816,1.02009,471030
2013.03.03,00:00,1.01999,1.02984,1.01148,1.02331,391953
2013.03.10,00:00,1.02131,1.04127,1.02029,1.04104,401289
2013.03.17,00:00,1.03584,1.04594,1.03429,1.04426,406756
2013.03.24,00:00,1.04438,1.04966,1.03961,1.04117,302774
2013.03.31,00:00,1.04175,1.04966,1.03545,1.03779,252625
2013.04.07,00:00,1.03666,1.05816,1.03474,1.05035,278323
2013.04.14,00:00,1.05025,1.05227,1.02680,1.02749,364417
2013.04.21,00:00,1.02771,1.03388,1.02200,1.02700,310286
2013.04.28,00:00,1.02795,1.03840,1.02215,1.03128,266725
2013.05.05,00:00,1.03037,1.03109,0.99607,1.00214,293288
2013.05.12,00:00,0.99997,1.00140,0.97109,0.97268,359744
2013.05.19,00:00,0.97545,0.98418,0.95934,0.96451,402155
2013.05.26,00:00,0.96410,0.96966,0.95277,0.95671,362875
2013.06.02,00:00,0.96160,0.97911,0.94287,0.94946,399996
2013.06.09,00:00,0.94022,0.96631,0.93256,0.95681,404626
2013.06.16,00:00,0.95614,0.96406,0.91630,0.92128,390088
2013.06.23,00:00,0.92069,0.93437,0.91127,0.91326,399515
2013.06.30,00:00,0.91119,0.92524,0.90366,0.90577,365727
2013.07.07,00:00,0.90496,0.93048,0.89979,0.90459,366508
2013.07.14,00:00,0.90726,0.92915,0.90355,0.91701,349184
2013.07.21,00:00,0.91761,0.93164,0.91277,0.92568,368736
2013.07.28,00:00,0.92509,0.92857,0.88704,0.89012,359836
2013.08.04,00:00,0.89180,0.92131,0.88420,0.91971,342303
2013.08.11,00:00,0.91884,0.92196,0.90580,0.91816,339546
2013.08.18,00:00,0.91854,0.92317,0.89310,0.90209,358911
2013.08.25,00:00,0.90333,0.90692,0.88916,0.88973,324748
2013.09.01,00:00,0.89421,0.92162,0.89232,0.91793,328958
2013.09.08,00:00,0.92020,0.93530,0.91661,0.92419,311453
2013.09.15,00:00,0.93289,0.95263,0.92841,0.93920,312733
2013.09.22,00:00,0.93660,0.94564,0.92972,0.93127,272782
2013.09.29,00:00,0.93088,0.94580,0.92802,0.94340,293118
2013.10.06,00:00,0.94345,0.94840,0.93875,0.94658,285215
2013.10.13,00:00,0.94252,0.96772,0.94252,0.96751,293612
2013.10.20,00:00,0.96701,0.97555,0.95713,0.95812,289074
2013.10.27,00:00,0.95859,0.96219,0.94209,0.94370,312139
2013.11.03,00:00,0.94573,0.95420,0.93520,0.93841,321304
2013.11.10,00:00,0.93850,0.93890,0.92694,0.93665,306252
2013.11.17,00:00,0.93745,0.94463,0.91427,0.91665,330361
2013.11.24,00:00,0.91622,0.92037,0.90545,0.91077,304792
2013.12.01,00:00,0.91283,0.91676,0.89896,0.90997,337564
2013.12.08,00:00,0.91212,0.91664,0.89088,0.89618,328522
2013.12.15,00:00,0.89590,0.89694,0.88203,0.89146,314698
2013.12.22,00:00,0.89206,0.89574,0.88609,0.88672,164736
2013.12.29,00:00,0.88610,0.90038,0.88323,0.89437,224444
2014.01.05,00:00,0.89584,0.90035,0.88640,0.89935,320763
2014.01.12,00:00,0.89971,0.90853,0.87628,0.87780,317462
2014.01.19,00:00,0.87705,0.88871,0.86596,0.86793,304369
2014.01.26,00:00,0.86916,0.88244,0.86762,0.87549,328513
2014.02.02,00:00,0.87653,0.89976,0.87294,0.89571,302143
2014.02.09,00:00,0.89543,0.90665,0.89062,0.90296,272303
2014.02.16,00:00,0.90617,0.90794,0.89357,0.89755,272486
2014.02.23,00:00,0.89792,0.90483,0.89037,0.89234,331201
2014.03.02,00:00,0.88930,0.91326,0.88894,0.90648,277097
2014.03.09,00:00,0.90524,0.91027,0.89238,0.90280,275143
2014.03.16,00:00,0.90207,0.91370,0.89946,0.90790,267613
2014.03.23,00:00,0.90971,0.92940,0.90481,0.92463,271585
2014.03.30,00:00,0.92382,0.93064,0.92052,0.92901,251068
2014.04.06,00:00,0.92815,0.94605,0.92535,0.93923,257855
2014.04.13,00:00,0.93885,0.94243,0.93205,0.93297,220219
2014.04.20,00:00,0.93319,0.93772,0.92516,0.92690,219633
2014.04.27,00:00,0.92725,0.93157,0.92023,0.92753,233022
2014.05.04,00:00,0.92836,0.93935,0.92514,0.93600,233813
2014.05.11,00:00,0.93599,0.94083,0.93265,0.93590,215264
2014.05.18,00:00,0.93717,0.93726,0.92083,0.92293,224513
2014.05.25,00:00,0.92345,0.93287,0.92109,0.93080,212098
2014.06.01,00:00,0.93064,0.93575,0.92292,0.93318,236997
2014.06.08,00:00,0.93361,0.94370,0.93335,0.93983,242007
2014.06.15,00:00,0.93919,0.94310,0.93216,0.93869,241202
2014.06.22,00:00,0.93730,0.94447,0.93532,0.94251,219731
2014.06.29,00:00,0.94196,0.95043,0.93291,0.93633,217415
2014.07.06,00:00,0.93618,0.94550,0.93405,0.93911,214278
2014.07.13,00:00,0.93776,0.94093,0.93291,0.93912,240494
2014.07.20,00:00,0.93909,0.94692,0.93597,0.93941,213272
2014.07.27,00:00,0.93940,0.94150,0.92745,0.93135,245854
2014.08.03,00:00,0.93087,0.93729,0.92386,0.92741,239701
2014.08.10,00:00,0.92754,0.93335,0.92469,0.93172,209754
2014.08.17,00:00,0.93132,0.93374,0.92652,0.93139,244234
2014.08.24,00:00,0.93064,0.93731,0.92711,0.93367,235927
2014.08.31,00:00,0.93235,0.94007,0.92621,0.93765,246142
2014.09.07,00:00,0.93619,0.93730,0.90299,0.90366,298149
2014.09.14,00:00,0.90086,0.91112,0.89206,0.89223,300769
2014.09.21,00:00,0.89299,0.89485,0.87472,0.87608,304356
2014.09.28,00:00,0.87509,0.88254,0.86421,0.86728,340385
2014.10.05,00:00,0.86743,0.88977,0.86515,0.86820,366445
2014.10.12,00:00,0.86905,0.88583,0.86509,0.87432,364707
2014.10.19,00:00,0.87561,0.88319,0.87184,0.87869,315615
2014.10.26,00:00,0.88017,0.89102,0.87547,0.87955,315445
2014.11.02,00:00,0.87511,0.87610,0.85400,0.86337,384395
2014.11.09,00:00,0.86447,0.87715,0.85902,0.87462,355464
2014.11.16,00:00,0.87771,0.87952,0.85658,0.86653,366817
2014.11.23,00:00,0.86777,0.86998,0.84792,0.85024,338235
2014.11.30,00:00,0.84678,0.85416,0.83142,0.83150,397358
2014.12.07,00:00,0.83044,0.83748,0.82143,0.82429,459134
2014.12.14,00:00,0.82462,0.82735,0.81061,0.81321,502137
2014.12.21,00:00,0.81418,0.81722,0.80872,0.81175,253107
2014.12.28,00:00,0.81206,0.82146,0.80772,0.80881,271244
2015.01.04,00:00,0.80701,0.82073,0.80322,0.81989,485528
2015.01.11,00:00,0.82092,0.82937,0.80675,0.82198,548805
2015.01.18,00:00,0.82187,0.82428,0.78802,0.79084,480795
2015.01.25,00:00,0.78802,0.80243,0.77191,0.77584,504649
2015.02.01,00:00,0.77540,0.78744,0.76254,0.77927,491247
2015.02.08,00:00,0.77606,0.78409,0.76434,0.77540,444440
2015.02.15,00:00,0.77693,0.78480,0.77418,0.78384,385263
2015.02.22,00:00,0.78462,0.79120,0.77388,0.78060,424471
2015.03.01,00:00,0.78056,0.78592,0.77055,0.77122,409867
2015.03.08,00:00,0.77116,0.77392,0.75597,0.76344,483387
2015.03.15,00:00,0.76272,0.78430,0.75901,0.77674,488371
2015.03.22,00:00,0.77967,0.79370,0.77440,0.77469,486797
2015.03.29,00:00,0.77340,0.77464,0.75329,0.76290,420616
2015.04.05,00:00,0.76374,0.77377,0.75762,0.76774,430641
2015.04.12,00:00,0.76664,0.78418,0.75522,0.77798,504487
2015.04.19,00:00,0.78249,0.78398,0.76823,0.78236,508575
2015.04.26,00:00,0.78191,0.80749,0.77909,0.78470,527889
2015.05.03,00:00,0.78300,0.80297,0.77861,0.79234,268945
2015.05.10,00:00,0.79191,0.81626,0.78758,0.80321,282754
2015.05.17,00:00,0.80369,0.80515,0.78099,0.78248,283412
2015.05.24,00:00,0.78215,0.78388,0.76169,0.76403,266337
2015.05.31,00:00,0.76365,0.78181,0.75976,0.76155,276570
2015.06.07,00:00,0.76216,0.77926,0.76024,0.77228,230330
2015.06.14,00:00,0.77506,0.78480,0.76464,0.77499,179528
2015.06.21,00:00,0.77650,0.77955,0.76296,0.76530,164331
2015.06.28,00:00,0.76138,0.77377,0.75085,0.75105,198468
2015.07.05,00:00,0.74776,0.75316,0.73713,0.74376,203484
2015.07.12,00:00,0.74155,0.74877,0.73490,0.73700,195302
2015.07.19,00:00,0.73766,0.74483,0.72590,0.72794,254701
2015.07.26,00:00,0.72686,0.73656,0.72342,0.72978,209947
2015.08.02,00:00,0.73181,0.74276,0.72594,0.74167,242126
2015.08.09,00:00,0.74137,0.74386,0.72155,0.73720,250696
2015.08.16,00:00,0.73737,0.73884,0.72841,0.73124,227998
2015.08.23,00:00,0.72989,0.73109,0.70350,0.71710,306070
2015.08.30,00:00,0.71506,0.71625,0.68955,0.69073,332349
2015.09.06,00:00,0.69263,0.70989,0.69109,0.70851,212235
2015.09.13,00:00,0.70809,0.72788,0.70626,0.71871,187014
2015.09.20,00:00,0.71816,0.71966,0.69375,0.70235,180874
2015.09.27,00:00,0.70284,0.70839,0.69357,0.70425,188285
2015.10.04,00:00,0.70556,0.73433,0.70419,0.73286,189832
2015.10.11,00:00,0.73154,0.73815,0.71980,0.72624,173605
2015.10.18,00:00,0.72536,0.73067,0.71819,0.72185,205063
2015.10.25,00:00,0.72085,0.72689,0.70668,0.71331,222998
2015.11.01,00:00,0.71131,0.72236,0.70222,0.70382,202104
2015.11.08,00:00,0.70268,0.71582,0.70155,0.71268,233467
2015.11.15,00:00,0.71188,0.72495,0.70682,0.72306,298389
2015.11.22,00:00,0.72307,0.72821,0.71585,0.71886,287681
2015.11.29,00:00,0.71916,0.73846,0.71697,0.73360,383532
2015.12.06,00:00,0.73391,0.73414,0.71714,0.71822,370396
2015.12.13,00:00,0.72020,0.72825,0.70965,0.71712,356700
2015.12.20,00:00,0.71666,0.72797,0.71542,0.72666,173389
2015.12.27,00:00,0.72764,0.73268,0.72434,0.72846,140083
2016.01.03,00:00,0.72827,0.72998,0.69496,0.69496,350805
2016.01.10,00:00,0.69692,0.70479,0.68264,0.68577,364856
2016.01.17,00:00,0.68397,0.70455,0.68273,0.69996,382979
2016.01.24,00:00,0.70030,0.71397,0.69182,0.70824,327313
2016.01.31,00:00,0.70791,0.72419,0.70022,0.70627,343355
2016.02.07,00:00,0.70678,0.71525,0.69729,0.71031,387865
2016.02.14,00:00,0.71011,0.71859,0.70687,0.71451,305127
2016.02.21,00:00,0.71508,0.72584,0.71176,0.71226,306971
2016.02.28,00:00,0.71197,0.74424,0.71080,0.74370,349535
2016.03.06,00:00,0.74008,0.75828,0.73918,0.75613,350391
2016.03.13,00:00,0.75475,0.76794,0.74140,0.76018,312342
2016.03.20,00:00,0.75938,0.76481,0.74766,0.75024,186914
2016.03.27,00:00,0.75094,0.77221,0.74925,0.76753,328534
2016.04.03,00:00,0.76697,0.76771,0.74913,0.75506,348096
2016.04.10,00:00,0.75444,0.77365,0.75272,0.77191,315012
2016.04.17,00:00,0.76509,0.78341,0.76308,0.77055,483900
2016.04.24,00:00,0.76941,0.77646,0.75477,0.76003,549696
2016.05.01,00:00,0.75967,0.77179,0.73369,0.73652,468551
2016.05.08,00:00,0.73549,0.74016,0.72532,0.72655,340880
2016.05.15,00:00,0.72487,0.73657,0.71755,0.72205,319443
2016.05.22,00:00,0.72240,0.72593,0.71444,0.71809,278696
2016.05.29,00:00,0.71762,0.73678,0.71479,0.73659,316546
2016.06.05,00:00,0.73666,0.75036,0.73147,0.73732,349125
2016.06.12,00:00,0.73730,0.74452,0.72848,0.73921,426902
2016.06.19,00:00,0.74316,0.76438,0.73039,0.74723,424693
2016.06.26,00:00,0.74181,0.75023,0.73212,0.74924,464275
2016.07.03,00:00,0.74459,0.75731,0.74072,0.75652,420111
2016.07.10,00:00,0.75633,0.76753,0.75211,0.75741,369425
2016.07.17,00:00,0.75929,0.76057,0.74417,0.74607,370096
2016.07.24,00:00,0.74599,0.76092,0.74197,0.75984,409782
2016.07.31,00:00,0.75902,0.76633,0.74866,0.76144,401266
2016.08.07,00:00,0.76123,0.77589,0.75964,0.76459,396336
2016.08.14,00:00,0.76532,0.77483,0.75982,0.76223,424524
2016.08.21,00:00,0.76035,0.76912,0.75501,0.75602,378714
2016.08.28,00:00,0.75566,0.76148,0.74892,0.75688,435315
2016.09.04,00:00,0.75667,0.77310,0.75366,0.75378,431417
2016.09.11,00:00,0.75368,0.75670,0.74411,0.74921,568714
2016.09.18,00:00,0.74812,0.76738,0.74766,0.76223,458220
2016.09.25,00:00,0.76114,0.77091,0.75889,0.76567,482170
2016.10.02,00:00,0.76523,0.76897,0.75523,0.75873,460431
2016.10.09,00:00,0.76060,0.76464,0.75053,0.76146,486247
2016.10.16,00:00,0.76171,0.77338,0.75800,0.76044,400631
2016.10.23,00:00,0.76067,0.77078,0.75565,0.75936,428329
2016.10.30,00:00,0.75929,0.76959,0.75819,0.76729,524055
2016.11.06,00:00,0.76719,0.77772,0.75243,0.75469,786707
2016.11.13,00:00,0.75391,0.75801,0.73294,0.73376,723630
2016.11.20,00:00,0.73307,0.74671,0.73100,0.74313,620257
2016.11.27,00:00,0.74405,0.74963,0.73691,0.74562,631917
2016.12.04,00:00,0.74438,0.75069,0.74109,0.74503,571862
2016.12.11,00:00,0.74397,0.75240,0.72655,0.72966,636618
2016.12.18,00:00,0.72851,0.73121,0.71591,0.71742,450472
2016.12.25,00:00,0.71916,0.72458,0.71624,0.72043,433347
2017.01.01,00:00,0.72064,0.73559,0.71634,0.72967,591460
2017.01.08,00:00,0.72928,0.75178,0.72861,0.75025,694054
2017.01.15,00:00,0.74839,0.75877,0.74574,0.75583,665496
2017.01.22,00:00,0.75588,0.76082,0.75107,0.75452,547704
2017.01.29,00:00,0.75567,0.76953,0.75272,0.76745,544916
2017.02.05,00:00,0.76733,0.76880,0.76050,0.76771,446412
2017.02.12,00:00,0.76791,0.77312,0.76172,0.76685,397414
2017.02.19,00:00,0.76703,0.77400,0.76489,0.76679,350612
2017.02.26,00:00,0.76787,0.77070,0.75421,0.75948,434153
2017.03.05,00:00,0.75858,0.76317,0.74902,0.75445,434911
2017.03.12,00:00,0.75462,0.77184,0.75330,0.77031,455738
2017.03.19,00:00,0.77042,0.77487,0.76031,0.76239,445245
2017.03.26,00:00,0.76326,0.76787,0.75866,0.76286,400530
2017.04.02,00:00,0.76291,0.76394,0.74933,0.75036,395267
2017.04.09,00:00,0.74916,0.75946,0.74723,0.75761,631505
2017.04.16,00:00,0.75757,0.76096,0.74907,0.75440,332357
2017.04.23,00:00,0.75706,0.75834,0.74392,0.74870,387947
2017.04.30,00:00,0.74705,0.75553,0.73668,0.74164,340136
2017.05.07,00:00,0.74108,0.74237,0.73281,0.73829,341849
2017.05.14,00:00,0.73899,0.74686,0.73839,0.74540,366826
2017.05.21,00:00,0.74452,0.75164,0.74212,0.74445,330596
2017.05.28,00:00,0.74371,0.74749,0.73710,0.74391,341155
2017.06.04,00:00,0.74217,0.75659,0.74215,0.75296,313900
2017.06.11,00:00,0.75289,0.76348,0.75209,0.76169,330207
2017.06.18,00:00,0.76184,0.76284,0.75347,0.75681,295959
2017.06.25,00:00,0.75641,0.77115,0.75617,0.76847,340764
2017.07.02,00:00,0.76768,0.76946,0.75704,0.76026,342801
2017.07.09,00:00,0.75976,0.78331,0.75858,0.78222,300689
2017.07.16,00:00,0.78260,0.79881,0.77855,0.79106,384989
2017.07.23,00:00,0.79044,0.80648,0.78773,0.79852,403692
2017.07.30,00:00,0.79863,0.80420,0.78907,0.79267,387872
2017.08.06,00:00,0.79161,0.79478,0.78382,0.78922,381969
2017.08.13,00:00,0.78914,0.79620,0.78072,0.79277,359577
2017.08.20,00:00,0.79262,0.79531,0.78659,0.79303,323603
2017.08.27,00:00,0.79267,0.79949,0.78706,0.79663,427453
2017.09.03,00:00,0.79478,0.81243,0.79401,0.80516,464851
2017.09.10,00:00,0.80547,0.80575,0.79549,0.80012,412805
2017.09.17,00:00,0.79954,0.81011,0.79073,0.79600,415407
2017.09.24,00:00,0.79489,0.79729,0.77989,0.78353,411878
2017.10.01,00:00,0.78324,0.78743,0.77323,0.77741,375145
2017.10.08,00:00,0.77689,0.78963,0.77468,0.78872,336577
2017.10.15,00:00,0.78829,0.78888,0.78077,0.78126,359995
2017.10.22,00:00,0.78188,0.78339,0.76243,0.76755,412322
2017.10.29,00:00,0.76697,0.77289,0.76383,0.76493,380938
2017.11.05,00:00,0.76475,0.76998,0.76265,0.76581,344454
2017.11.12,00:00,0.76476,0.76648,0.75352,0.75629,333759
2017.11.19,00:00,0.75650,0.76377,0.75312,0.76102,340756
2017.11.26,00:00,0.76154,0.76439,0.75501,0.76088,392349
2017.12.03,00:00,0.75932,0.76529,0.75006,0.75079,317401
2017.12.10,00:00,0.75074,0.76936,0.75017,0.76406,309874
2017.12.17,00:00,0.76438,0.77199,0.76399,0.77140,277702
2017.12.24,00:00,0.77183,0.78242,0.77118,0.78019,150583
2017.12.31,00:00,0.78400,0.78740,0.78045,0.78606,212334
2018.01.07,00:00,0.78612,0.79238,0.78067,0.79126,352778
2018.01.14,00:00,0.79049,0.80378,0.79045,0.79916,402373
2018.01.21,00:00,0.79973,0.81350,0.79556,0.81090,479038
2018.01.28,00:00,0.81012,0.81173,0.79172,0.79213,555766
2018.02.04,00:00,0.79103,0.79530,0.77663,0.77776,542245
