1998.05.31,00:00,1.10100,1.11880,1.10100,1.11100,575
1998.06.07,00:00,1.10900,1.11230,1.08940,1.09420,680
1998.06.14,00:00,1.09250,1.11100,1.08600,1.10670,816
1998.06.21,00:00,1.10500,1.10700,1.09100,1.09470,795
1998.06.28,00:00,1.09300,1.09940,1.08470,1.08850,690
1998.07.05,00:00,1.08700,1.09580,1.07900,1.08930,645
1998.07.12,00:00,1.08750,1.10970,1.08700,1.10750,630
1998.07.19,00:00,1.10600,1.11240,1.09940,1.10960,603
1998.07.26,00:00,1.10910,1.11780,1.10350,1.11000,727
1998.08.02,00:00,1.10800,1.11740,1.10030,1.10770,760
1998.08.09,00:00,1.10500,1.11360,1.09230,1.09520,785
1998.08.16,00:00,1.09190,1.10230,1.08760,1.09890,709
1998.08.23,00:00,1.09550,1.12430,1.08950,1.12300,834
1998.08.30,00:00,1.11490,1.14780,1.10920,1.13860,1275
1998.09.06,00:00,1.14000,1.17350,1.12830,1.15960,1173
1998.09.13,00:00,1.15550,1.17300,1.14850,1.15930,1101
1998.09.20,00:00,1.16100,1.18400,1.15680,1.17130,1139
1998.09.27,00:00,1.17300,1.20820,1.16450,1.19620,1045
1998.10.04,00:00,1.20150,1.24010,1.19670,1.21330,1619
1998.10.11,00:00,1.21150,1.22500,1.19580,1.21720,1258
1998.10.18,00:00,1.21500,1.22090,1.18800,1.20020,1104
1998.10.25,00:00,1.19400,1.19810,1.18040,1.19020,903
1998.11.01,00:00,1.19050,1.19430,1.17180,1.17460,873
1998.11.08,00:00,1.17300,1.17650,1.15820,1.16830,908
1998.11.15,00:00,1.16800,1.18600,1.16030,1.16240,977
1998.11.22,00:00,1.16050,1.16350,1.14550,1.14900,836
1998.11.29,00:00,1.14800,1.18100,1.14800,1.17280,1104
1998.12.06,00:00,1.17150,1.19330,1.16600,1.19270,683
1998.12.13,00:00,1.19150,1.19670,1.17130,1.18120,1044
1998.12.20,00:00,1.18200,1.18600,1.16630,1.16810,673
1998.12.27,00:00,1.16620,1.17790,1.16320,1.17240,576
1999.01.03,00:00,1.17950,1.18600,1.15280,1.15850,74925
1999.01.10,00:00,1.15800,1.17930,1.14400,1.15700,95757
1999.01.17,00:00,1.15650,1.16460,1.15350,1.15880,91199
1999.01.24,00:00,1.15810,1.16160,1.13400,1.13680,96824
1999.01.31,00:00,1.13800,1.14020,1.12440,1.12600,88735
1999.02.07,00:00,1.12640,1.13650,1.12110,1.13060,82516
1999.02.14,00:00,1.12970,1.13070,1.10500,1.10580,77654
1999.02.21,00:00,1.10700,1.10840,1.09220,1.10290,88641
1999.02.28,00:00,1.09920,1.10300,1.07820,1.08180,113430
1999.03.07,00:00,1.08190,1.10600,1.07850,1.09000,107208
1999.03.14,00:00,1.08980,1.10740,1.08110,1.08900,106620
1999.03.21,00:00,1.09100,1.09670,1.07100,1.07650,106416
1999.03.28,00:00,1.07500,1.08250,1.06780,1.07860,79667
1999.04.04,00:00,1.07590,1.08870,1.06980,1.07920,89810
1999.04.11,00:00,1.08250,1.08830,1.06270,1.07030,97422
1999.04.18,00:00,1.06730,1.07120,1.05580,1.06100,102812
1999.04.25,00:00,1.06080,1.07010,1.05450,1.05750,106876
1999.05.02,00:00,1.05890,1.08310,1.05470,1.07570,105337
1999.05.09,00:00,1.07300,1.08360,1.05980,1.06600,126875
1999.05.16,00:00,1.06760,1.07150,1.05420,1.05940,123002
1999.05.23,00:00,1.05760,1.06490,1.03950,1.04300,121472
1999.05.30,00:00,1.04540,1.04900,1.02750,1.03730,147388
1999.06.06,00:00,1.03620,1.05660,1.02560,1.05140,136371
1999.06.13,00:00,1.05120,1.05120,1.02860,1.04010,125460
1999.06.20,00:00,1.03850,1.04810,1.02680,1.04280,114835
1999.06.27,00:00,1.03950,1.04450,1.02000,1.02470,123271
1999.07.04,00:00,1.02500,1.02760,1.01450,1.02000,104914
1999.07.11,00:00,1.01990,1.03440,1.01040,1.02010,112962
1999.07.18,00:00,1.01820,1.05700,1.01200,1.05250,92666
1999.07.25,00:00,1.05230,1.07460,1.05140,1.07080,85827
1999.08.01,00:00,1.06970,1.08290,1.06250,1.07330,93990
1999.08.08,00:00,1.07290,1.07700,1.05560,1.05660,66735
1999.08.15,00:00,1.05710,1.06920,1.04560,1.06790,69985
1999.08.22,00:00,1.06760,1.06830,1.03950,1.04660,85005
1999.08.29,00:00,1.04710,1.07330,1.04350,1.06130,68746
1999.09.05,00:00,1.05960,1.06490,1.03470,1.03670,74754
1999.09.12,00:00,1.03620,1.04740,1.02840,1.04250,78157
1999.09.19,00:00,1.04110,1.05450,1.03450,1.04390,83020
1999.09.26,00:00,1.04380,1.07710,1.03920,1.07230,83897
1999.10.03,00:00,1.07180,1.07810,1.06000,1.06340,82934
1999.10.10,00:00,1.06250,1.09170,1.06060,1.08780,103093
1999.10.17,00:00,1.08870,1.09080,1.06500,1.06930,100551
1999.10.24,00:00,1.06920,1.07100,1.04290,1.05210,114844
1999.10.31,00:00,1.05360,1.05980,1.03420,1.04170,123335
1999.11.07,00:00,1.04320,1.04670,1.02850,1.03190,99992
1999.11.14,00:00,1.03240,1.04500,1.02410,1.03020,111345
1999.11.21,00:00,1.03030,1.03430,1.00780,1.01730,105278
1999.11.28,00:00,1.01640,1.02100,0.99870,1.00320,86576
1999.12.05,00:00,1.00300,1.03000,0.99860,1.01330,70416
1999.12.12,00:00,1.01370,1.02500,1.00090,1.00750,74713
1999.12.19,00:00,1.00780,1.01810,1.00400,1.01380,93613
1999.12.26,00:00,1.01350,1.01570,1.00150,1.00860,71610
2000.01.02,00:00,1.00800,1.04190,1.00490,1.03010,110598
2000.01.09,00:00,1.02940,1.03730,1.01090,1.01260,107818
2000.01.16,00:00,1.01290,1.02000,1.00450,1.00900,115722
2000.01.23,00:00,1.00580,1.01010,0.97330,0.97450,128234
2000.01.30,00:00,0.97620,0.99510,0.96650,0.98380,135541
2000.02.06,00:00,0.98350,0.99690,0.97520,0.98080,112697
2000.02.13,00:00,0.98020,0.99580,0.97730,0.98400,30816
2000.02.20,00:00,0.98500,1.00940,0.97220,0.97450,96232
2000.02.27,00:00,0.97360,0.98700,0.93990,0.96010,107292
2000.03.05,00:00,0.95650,0.97020,0.95200,0.96350,30581
2000.03.12,00:00,0.96270,0.97430,0.95880,0.97290,95061
2000.03.19,00:00,0.97100,0.97900,0.95690,0.97850,136334
2000.03.26,00:00,0.97640,0.97920,0.94760,0.95760,113179
2000.04.02,00:00,0.95680,0.97150,0.95000,0.95520,83318
2000.04.09,00:00,0.95370,0.96520,0.95070,0.95830,94356
2000.04.16,00:00,0.96470,0.96820,0.93520,0.93890,54340
2000.04.23,00:00,0.94000,0.94600,0.90570,0.91120,60857
2000.04.30,00:00,0.91130,0.91850,0.88460,0.89550,26770
2000.05.07,00:00,0.89800,0.91590,0.89060,0.91530,76334
2000.05.14,00:00,0.91870,0.91990,0.88400,0.89750,75055
2000.05.21,00:00,0.89780,0.93510,0.89520,0.93240,69562
2000.05.28,00:00,0.93110,0.95060,0.92360,0.94680,66690
2000.06.04,00:00,0.94590,0.97040,0.94090,0.95330,84074
2000.06.11,00:00,0.95360,0.96620,0.94880,0.96480,78377
2000.06.18,00:00,0.96430,0.96980,0.93430,0.93630,97673
2000.06.25,00:00,0.93600,0.96060,0.92940,0.95270,96363
2000.07.02,00:00,0.95240,0.96020,0.94580,0.94820,93809
2000.07.09,00:00,0.94820,0.95700,0.93140,0.93860,751
2000.07.16,00:00,0.93810,0.94060,0.91900,0.93650,789
2000.07.23,00:00,0.93610,0.94530,0.92190,0.92280,727
2000.07.30,00:00,0.92360,0.92970,0.89960,0.90840,974
2000.08.06,00:00,0.90710,0.91500,0.89590,0.90400,785
2000.08.13,00:00,0.90370,0.91870,0.89950,0.90710,746
2000.08.20,00:00,0.90680,0.90830,0.89070,0.90250,786
2000.08.27,00:00,0.90220,0.90500,0.88380,0.90060,828
2000.09.03,00:00,0.90000,0.90450,0.86320,0.86700,1080
2000.09.10,00:00,0.86390,0.87400,0.85170,0.85320,1338
2000.09.17,00:00,0.85280,0.90400,0.84370,0.87700,1420
2000.09.24,00:00,0.87950,0.88880,0.87100,0.88480,889
2000.10.01,00:00,0.88380,0.88650,0.86600,0.86870,798
2000.10.08,00:00,0.86830,0.87700,0.85230,0.85700,850
2000.10.15,00:00,0.85550,0.85800,0.83240,0.84250,1054
2000.10.22,00:00,0.84110,0.84470,0.82250,0.83930,864
2000.10.29,00:00,0.84110,0.87970,0.83810,0.86770,1206
2000.11.05,00:00,0.86600,0.87360,0.85120,0.86110,1237
2000.11.12,00:00,0.86190,0.86710,0.84670,0.84850,871
2000.11.19,00:00,0.84860,0.85420,0.83660,0.83830,810
2000.11.26,00:00,0.83920,0.88070,0.83840,0.88000,895
2000.12.03,00:00,0.87850,0.89790,0.87530,0.88990,1200
2000.12.10,00:00,0.88110,0.90050,0.87120,0.89670,1005
2000.12.17,00:00,0.89440,0.92680,0.88770,0.92370,942
2000.12.24,00:00,0.92250,0.94330,0.91950,0.94260,794
2000.12.31,00:00,0.94240,0.95990,0.92600,0.95790,1629
2001.01.07,00:00,0.95820,0.95950,0.93570,0.95220,1000
2001.01.14,00:00,0.95220,0.95320,0.92840,0.93480,1073
2001.01.21,00:00,0.93450,0.94570,0.91130,0.92490,1223
2001.01.28,00:00,0.92350,0.94510,0.91420,0.93650,911
2001.02.04,00:00,0.93510,0.94470,0.91300,0.92460,983
2001.02.11,00:00,0.92530,0.93360,0.90230,0.91480,879
2001.02.18,00:00,0.91290,0.92460,0.90110,0.91970,1090
2001.02.25,00:00,0.91720,0.93880,0.90760,0.93660,811
2001.03.04,00:00,0.93610,0.93800,0.92490,0.93370,740
2001.03.11,00:00,0.93160,0.93500,0.89120,0.89880,1073
2001.03.18,00:00,0.89670,0.91320,0.88300,0.88950,1042
2001.03.25,00:00,0.88940,0.89970,0.87470,0.87600,826
2001.04.01,00:00,0.87400,0.90970,0.87310,0.90400,85773
2001.04.08,00:00,0.90320,0.90530,0.88050,0.88860,126830
2001.04.15,00:00,0.88880,0.90520,0.86950,0.90260,136198
2001.04.22,00:00,0.90150,0.90870,0.88840,0.89200,138463
2001.04.29,00:00,0.89150,0.90100,0.88480,0.89260,133523
2001.05.06,00:00,0.89270,0.89400,0.87320,0.87510,114941
2001.05.13,00:00,0.87570,0.88850,0.87230,0.88150,133773
2001.05.20,00:00,0.87990,0.88250,0.84930,0.86120,148822
2001.05.27,00:00,0.86030,0.86180,0.84300,0.84790,118911
2001.06.03,00:00,0.84690,0.85720,0.84220,0.85060,113593
2001.06.10,00:00,0.85000,0.86780,0.84100,0.86150,120092
2001.06.17,00:00,0.86310,0.86510,0.84930,0.85730,116982
2001.06.24,00:00,0.85680,0.86650,0.84290,0.84940,136228
2001.07.01,00:00,0.85050,0.85130,0.83470,0.84800,113498
2001.07.08,00:00,0.84680,0.86460,0.84430,0.85460,101718
2001.07.15,00:00,0.85410,0.87900,0.84870,0.87130,75593
2001.07.22,00:00,0.87060,0.88280,0.86480,0.87760,74541
2001.07.29,00:00,0.87780,0.88790,0.87200,0.88430,67368
2001.08.05,00:00,0.88350,0.89650,0.87380,0.89300,69386
2001.08.12,00:00,0.89380,0.92060,0.89190,0.91820,76728
2001.08.19,00:00,0.91770,0.92440,0.90740,0.91480,75480
2001.08.26,00:00,0.91460,0.92040,0.90240,0.91260,73548
2001.09.02,00:00,0.90940,0.91080,0.88220,0.90760,60406
2001.09.09,00:00,0.90670,0.92530,0.89530,0.92060,62951
2001.09.16,00:00,0.92370,0.93380,0.90830,0.91450,95417
2001.09.23,00:00,0.91350,0.92540,0.90760,0.91140,88077
2001.09.30,00:00,0.91160,0.92390,0.90570,0.91850,88418
2001.10.07,00:00,0.91920,0.92480,0.89880,0.91140,91748
2001.10.14,00:00,0.91180,0.91420,0.89630,0.89890,76761
2001.10.21,00:00,0.89860,0.90070,0.88670,0.89230,66657
2001.10.28,00:00,0.89230,0.91260,0.89200,0.90400,80513
2001.11.04,00:00,0.90180,0.90530,0.88870,0.89430,78168
2001.11.11,00:00,0.89450,0.90190,0.87690,0.88430,76661
2001.11.18,00:00,0.88430,0.88580,0.87330,0.87830,163017
2001.11.25,00:00,0.87810,0.89870,0.87670,0.89660,178740
2001.12.02,00:00,0.89570,0.89740,0.88440,0.89040,191370
2001.12.09,00:00,0.88930,0.90580,0.88390,0.90420,182248
2001.12.16,00:00,0.90360,0.90870,0.88520,0.88880,175616
2001.12.23,00:00,0.88870,0.89130,0.87390,0.88490,92690
2001.12.30,00:00,0.88430,0.90700,0.88240,0.89450,126920
2002.01.06,00:00,0.89560,0.90020,0.88620,0.89240,170884
2002.01.13,00:00,0.89460,0.89590,0.87910,0.88470,153226
2002.01.20,00:00,0.88400,0.88960,0.86300,0.86520,85868
2002.01.27,00:00,0.86450,0.86780,0.85620,0.86210,72481
2002.02.03,00:00,0.86150,0.87560,0.86040,0.87290,96233
2002.02.10,00:00,0.87070,0.88050,0.86780,0.87360,117412
2002.02.17,00:00,0.87330,0.87870,0.86620,0.87570,99908
2002.02.24,00:00,0.87520,0.87630,0.86140,0.86550,121694
2002.03.03,00:00,0.86480,0.88440,0.86290,0.87470,108910
2002.03.10,00:00,0.87370,0.88720,0.87010,0.88260,117691
2002.03.17,00:00,0.88100,0.88640,0.87480,0.87730,119804
2002.03.24,00:00,0.87740,0.88000,0.86970,0.87230,113960
2002.03.31,00:00,0.87150,0.88610,0.87100,0.87900,112330
2002.04.07,00:00,0.87900,0.88510,0.87310,0.88070,115630
2002.04.14,00:00,0.87960,0.89310,0.87860,0.89190,110705
2002.04.21,00:00,0.88940,0.90280,0.88570,0.90150,101687
2002.04.28,00:00,0.90130,0.91800,0.89880,0.91700,101185
2002.05.05,00:00,0.91640,0.91930,0.90340,0.91420,98424
2002.05.12,00:00,0.91340,0.92250,0.89920,0.92070,117936
2002.05.19,00:00,0.92050,0.92810,0.91600,0.92060,118334
2002.05.26,00:00,0.92060,0.94170,0.91800,0.93400,113774
2002.06.02,00:00,0.93260,0.94910,0.93010,0.94270,130751
2002.06.09,00:00,0.94310,0.95260,0.93860,0.94560,125030
2002.06.23,00:00,0.96990,0.99940,0.96590,0.99120,159883
2002.06.30,00:00,0.99120,0.99750,0.97130,0.97320,140405
2002.07.07,00:00,0.97450,0.99730,0.97380,0.99060,153581
2002.07.14,00:00,0.99130,1.02060,0.99100,1.01180,145471
2002.07.21,00:00,1.01130,1.01380,0.98440,0.98730,151790
2002.07.28,00:00,0.98720,0.99220,0.97240,0.98670,137961
2002.08.04,00:00,0.98660,0.98790,0.96210,0.97030,139706
2002.08.11,00:00,0.96980,0.98960,0.96870,0.98520,128028
2002.08.18,00:00,0.98430,0.98740,0.96620,0.97300,124497
2002.08.25,00:00,0.97330,0.98910,0.96830,0.98220,50004
2002.09.01,00:00,0.98230,0.99950,0.97960,0.98180,122283
2002.09.08,00:00,0.98160,0.98440,0.96980,0.97180,128721
2002.09.15,00:00,0.97080,0.98800,0.96070,0.98220,142406
2002.09.22,00:00,0.98070,0.98610,0.97260,0.98050,130687
2002.09.29,00:00,0.98130,0.99120,0.97780,0.97920,28220
2002.10.06,00:00,0.97890,0.99300,0.97630,0.98720,30988
2002.10.13,00:00,0.98730,0.98950,0.96950,0.97250,36008
2002.10.20,00:00,0.97210,0.98050,0.96860,0.97610,26963
2002.10.27,00:00,0.97640,1.00060,0.97270,0.99650,30907
2002.11.03,00:00,0.99640,1.01640,0.99300,1.01500,29622
2002.11.10,00:00,1.01280,1.01740,1.00110,1.00330,29291
2002.11.17,00:00,1.00370,1.01440,0.98000,0.98020,29095
2002.11.24,00:00,0.99690,0.99720,0.98750,0.99490,27648
2002.12.01,00:00,0.99440,1.01320,0.98590,1.00990,29043
2002.12.08,00:00,1.01000,1.02620,1.00580,1.02390,29124
2002.12.15,00:00,1.02340,1.03370,1.00580,1.02690,29529
2002.12.22,00:00,1.02720,1.04460,1.00580,1.04400,22606
2002.12.29,00:00,1.04190,1.05070,1.03340,1.04250,20764
2003.01.05,00:00,1.04190,1.05880,1.03590,1.05810,29106
2003.01.12,00:00,1.05780,1.06830,1.05020,1.06690,28529
2003.01.19,00:00,1.06570,1.08570,1.06310,1.08270,29875
2003.01.26,00:00,1.08380,1.09100,1.07220,1.07700,25467
2003.02.02,00:00,1.07910,1.09400,1.06910,1.08190,27461
2003.02.09,00:00,1.08190,1.08630,1.06640,1.07910,36382
2003.02.16,00:00,1.07740,1.08510,1.06640,1.07750,48492
2003.02.23,00:00,1.07220,1.08380,1.07050,1.08080,41147
2003.03.02,00:00,1.07830,1.10710,1.07050,1.10080,47279
2003.03.09,00:00,1.10060,1.10870,1.06870,1.07470,44719
2003.03.16,00:00,1.07850,1.08470,1.04990,1.05280,49170
2003.03.23,00:00,1.05870,1.08040,1.05640,1.07850,39127
2003.03.30,00:00,1.07970,1.09630,1.06800,1.07300,42987
2003.04.06,00:00,1.06710,1.08340,1.05580,1.07490,40035
2003.04.13,00:00,1.07430,1.09800,1.07160,1.08750,40623
2003.04.20,00:00,1.08970,1.10540,1.08200,1.10330,48314
2003.04.27,00:00,1.10380,1.12890,1.09310,1.12310,55426
2003.05.04,00:00,1.12270,1.15410,1.12030,1.14900,55916
2003.05.11,00:00,1.15320,1.16270,1.13690,1.15960,60353
2003.05.18,00:00,1.16730,1.18440,1.16030,1.18410,62009
2003.05.25,00:00,1.18310,1.19380,1.16900,1.17740,60490
2003.06.01,00:00,1.17190,1.18920,1.16310,1.17000,65425
2003.06.08,00:00,1.17090,1.18820,1.16550,1.18690,60637
2003.06.15,00:00,1.18770,1.19340,1.15490,1.16080,62887
2003.06.22,00:00,1.15800,1.16270,1.13970,1.14290,57471
2003.06.29,00:00,1.14310,1.16120,1.14000,1.14940,47707
2003.07.06,00:00,1.14810,1.14890,1.12560,1.12880,57072
2003.07.13,00:00,1.12880,1.13410,1.11090,1.12690,58556
2003.07.20,00:00,1.12500,1.15540,1.12420,1.15070,54669
2003.07.27,00:00,1.14970,1.15420,1.11340,1.12770,56052
2003.08.03,00:00,1.12840,1.14290,1.12590,1.13090,53475
2003.08.10,00:00,1.13060,1.13850,1.12170,1.12680,138223
2003.08.17,00:00,1.12670,1.12730,1.08330,1.08780,143927
2003.08.24,00:00,1.08700,1.10020,1.07860,1.09830,119912
2003.08.31,00:00,1.09870,1.11150,1.07620,1.11080,35396
2003.09.07,00:00,1.11090,1.13300,1.10460,1.12910,31933
2003.09.14,00:00,1.12620,1.13850,1.11390,1.13700,36587
2003.09.21,00:00,1.14500,1.15380,1.13720,1.14640,46550
2003.09.28,00:00,1.14600,1.17710,1.13960,1.15790,58751
2003.10.05,00:00,1.15760,1.18620,1.15310,1.17970,59774
2003.10.12,00:00,1.18100,1.18180,1.15440,1.16790,66057
2003.10.19,00:00,1.17040,1.18590,1.16010,1.17800,55704
2003.10.26,00:00,1.17690,1.17860,1.15640,1.15930,53065
2003.11.02,00:00,1.15790,1.16210,1.13750,1.15250,54096
2003.11.09,00:00,1.15020,1.18060,1.14430,1.17780,50945
2003.11.16,00:00,1.18120,1.19800,1.17250,1.19170,59638
2003.11.23,00:00,1.19120,1.20180,1.17520,1.19960,46800
2003.11.30,00:00,1.19890,1.21790,1.19360,1.21690,49716
2003.12.07,00:00,1.21670,1.23080,1.21120,1.22760,52717
2003.12.14,00:00,1.21330,1.24400,1.21310,1.23730,50440
2003.12.21,00:00,1.23830,1.24740,1.23480,1.24310,22512
2003.12.28,00:00,1.24340,1.26500,1.23000,1.25850,29458
2004.01.04,00:00,1.26090,1.28700,1.25590,1.28180,59960
2004.01.11,00:00,1.28440,1.29000,1.23490,1.23940,65911
2004.01.18,00:00,1.23830,1.27780,1.23340,1.25800,62504
2004.01.25,00:00,1.25800,1.26660,1.23490,1.24770,73147
2004.02.01,00:00,1.24800,1.27270,1.23890,1.27060,59056
2004.02.08,00:00,1.26180,1.28960,1.26050,1.27360,60720
2004.02.15,00:00,1.27280,1.29300,1.24920,1.25390,64295
2004.02.22,00:00,1.25230,1.27150,1.23700,1.24920,66429
2004.02.29,00:00,1.24810,1.25440,1.20560,1.23650,69597
2004.03.07,00:00,1.23650,1.24600,1.21610,1.22140,77504
2004.03.14,00:00,1.22110,1.24390,1.21750,1.22960,70330
2004.03.21,00:00,1.22760,1.24040,1.20700,1.21320,68597
2004.03.28,00:00,1.21150,1.23920,1.20460,1.21360,66030
2004.04.04,00:00,1.21100,1.22220,1.19800,1.20920,55584
2004.04.11,00:00,1.20860,1.21010,1.18670,1.19920,61932
2004.04.18,00:00,1.20170,1.20810,1.17780,1.18450,65920
2004.04.25,00:00,1.18020,1.20150,1.17590,1.19800,66385
2004.05.02,00:00,1.19920,1.21810,1.18750,1.18810,56863
2004.05.09,00:00,1.18800,1.19440,1.17710,1.18870,64507
2004.05.16,00:00,1.18910,1.20740,1.18750,1.19780,68945
2004.05.23,00:00,1.19970,1.22990,1.19320,1.22230,62332
2004.05.30,00:00,1.22390,1.23080,1.21360,1.22830,58860
2004.06.06,00:00,1.22980,1.23550,1.19650,1.20050,57733
2004.06.13,00:00,1.19740,1.21710,1.19530,1.21390,65532
2004.06.20,00:00,1.21450,1.21950,1.20380,1.21790,54245
2004.06.27,00:00,1.21780,1.23290,1.20640,1.23170,59630
2004.07.04,00:00,1.23300,1.24250,1.22620,1.24140,53900
2004.07.11,00:00,1.24120,1.24630,1.22990,1.24530,58351
2004.07.18,00:00,1.24490,1.24630,1.20870,1.20920,63630
2004.07.25,00:00,1.21040,1.21910,1.19910,1.20200,72590
2004.08.01,00:00,1.20690,1.22880,1.19680,1.22770,62162
2004.08.08,00:00,1.22830,1.23770,1.21750,1.23740,54496
2004.08.15,00:00,1.23760,1.23920,1.22790,1.23190,54497
2004.08.22,00:00,1.23130,1.23190,1.20050,1.20160,59629
2004.08.29,00:00,1.20120,1.22270,1.19870,1.20600,51350
2004.09.05,00:00,1.20640,1.23100,1.20260,1.22620,48811
2004.09.12,00:00,1.22710,1.22970,1.21180,1.21900,54014
2004.09.19,00:00,1.21740,1.23650,1.21250,1.22750,50552
2004.09.26,00:00,1.22850,1.24460,1.22480,1.24180,61703
2004.10.03,00:00,1.23970,1.24340,1.22440,1.24090,51210
2004.10.10,00:00,1.24180,1.25080,1.22240,1.24680,48396
2004.10.17,00:00,1.24770,1.26880,1.24510,1.26830,57745
2004.10.24,00:00,1.27190,1.28420,1.26270,1.27970,72249
2004.10.31,00:00,1.28030,1.29700,1.26560,1.29650,67890
2004.11.07,00:00,1.29690,1.30080,1.28490,1.29770,62803
2004.11.14,00:00,1.29730,1.30760,1.29170,1.30280,60768
2004.11.21,00:00,1.30410,1.33320,1.29750,1.32930,57799
2004.11.28,00:00,1.32810,1.34610,1.32270,1.34550,63401
2004.12.05,00:00,1.34450,1.34720,1.31370,1.32240,67547
2004.12.12,00:00,1.31980,1.34450,1.31960,1.33080,74298
2004.12.19,00:00,1.33360,1.35490,1.32970,1.35290,47118
2004.12.26,00:00,1.35270,1.36670,1.35130,1.35560,37595
2005.01.02,00:00,1.35560,1.35840,1.30250,1.30530,75873
2005.01.09,00:00,1.30550,1.32920,1.30500,1.31120,76873
2005.01.16,00:00,1.31080,1.31290,1.29220,1.30370,70469
2005.01.23,00:00,1.30450,1.31250,1.29450,1.30390,65368
2005.01.30,00:00,1.30130,1.30950,1.28640,1.28660,61798
2005.02.06,00:00,1.28540,1.29070,1.27300,1.28660,59625
2005.02.13,00:00,1.28830,1.30940,1.28760,1.30700,59736
2005.02.20,00:00,1.30510,1.32760,1.30310,1.32470,51566
2005.02.27,00:00,1.32410,1.32810,1.30860,1.32390,29766
2005.03.06,00:00,1.32390,1.34830,1.31770,1.34580,41770
2005.03.13,00:00,1.34640,1.34780,1.32650,1.33250,32902
2005.03.20,00:00,1.33080,1.33190,1.29290,1.29580,31235
2005.03.27,00:00,1.29630,1.30630,1.28540,1.29060,33248
2005.04.03,00:00,1.28830,1.29390,1.27990,1.29330,31193
2005.04.10,00:00,1.29290,1.30180,1.27640,1.29270,34858
2005.04.17,00:00,1.29170,1.31260,1.28730,1.30630,37535
2005.04.24,00:00,1.30560,1.30600,1.28530,1.28720,41244
2005.05.01,00:00,1.28620,1.29890,1.28080,1.28160,27833
2005.05.08,00:00,1.28160,1.29150,1.26090,1.26330,30689
2005.05.15,00:00,1.26260,1.26930,1.25340,1.25560,33257
2005.05.22,00:00,1.25440,1.26320,1.24940,1.25840,40571
2005.05.29,00:00,1.25350,1.25480,1.21590,1.22350,55417
2005.06.05,00:00,1.22280,1.23520,1.21070,1.21190,47357
2005.06.12,00:00,1.21090,1.22900,1.20140,1.22840,52837
2005.06.19,00:00,1.21930,1.22410,1.19830,1.20900,59428
2005.06.26,00:00,1.21000,1.21860,1.19380,1.19570,54934
2005.07.03,00:00,1.19320,1.20440,1.18670,1.19660,55036
2005.07.10,00:00,1.19660,1.22580,1.19560,1.20350,56920
2005.07.17,00:00,1.20250,1.22560,1.19520,1.20660,58455
2005.07.24,00:00,1.20530,1.21630,1.19630,1.21230,56126
2005.07.31,00:00,1.21240,1.24010,1.21180,1.23600,56742
2005.08.07,00:00,1.23370,1.24860,1.23140,1.24400,56722
2005.08.14,00:00,1.24560,1.24580,1.21260,1.21530,51590
2005.08.21,00:00,1.21670,1.23420,1.21560,1.22910,52024
2005.08.28,00:00,1.22820,1.25880,1.21700,1.25300,61395
2005.09.04,00:00,1.25390,1.25850,1.23740,1.24110,41896
2005.09.11,00:00,1.24040,1.24140,1.21920,1.22320,34478
2005.09.18,00:00,1.21540,1.22690,1.20420,1.20470,32960
2005.09.25,00:00,1.20250,1.20880,1.19760,1.20200,33531
2005.10.02,00:00,1.20220,1.22020,1.19020,1.21240,36371
2005.10.09,00:00,1.21190,1.21520,1.19130,1.20850,26481
2005.10.16,00:00,1.20760,1.21200,1.18760,1.19470,30248
2005.10.23,00:00,1.19440,1.21710,1.19220,1.20660,30183
2005.10.30,00:00,1.20620,1.20870,1.18000,1.18220,28232
2005.11.06,00:00,1.18030,1.18300,1.16710,1.17290,28574
2005.11.13,00:00,1.17170,1.17900,1.16390,1.17680,30152
2005.11.20,00:00,1.17770,1.18590,1.16860,1.17240,27914
2005.11.27,00:00,1.17040,1.19000,1.16610,1.17160,29224
2005.12.04,00:00,1.16980,1.18470,1.16890,1.18140,26569
2005.12.11,00:00,1.17870,1.20600,1.17840,1.20120,32615
2005.12.18,00:00,1.20270,1.20360,1.18000,1.18720,26454
2005.12.25,00:00,1.18550,1.19300,1.17780,1.18390,19742
2006.01.01,00:00,1.18460,1.21750,1.18000,1.21520,30702
2006.01.08,00:00,1.21440,1.21620,1.20070,1.21320,35883
2006.01.15,00:00,1.21480,1.21740,1.20420,1.21370,33624
2006.01.22,00:00,1.21420,1.23220,1.20850,1.21010,32207
2006.01.29,00:00,1.21050,1.21890,1.19690,1.20200,34538
2006.02.05,00:00,1.20310,1.20470,1.18920,1.18940,41546
2006.02.12,00:00,1.18950,1.19540,1.18480,1.19330,36235
2006.02.19,00:00,1.19260,1.19730,1.18610,1.18680,35917
2006.02.26,00:00,1.18640,1.20520,1.18240,1.20350,39112
2006.03.05,00:00,1.20510,1.20930,1.18580,1.19140,40518
2006.03.12,00:00,1.19130,1.22080,1.19120,1.21930,41115
2006.03.19,00:00,1.21790,1.21960,1.19500,1.20350,36162
2006.03.26,00:00,1.20380,1.21750,1.19790,1.21200,38458
2006.04.02,00:00,1.21160,1.23310,1.20320,1.21010,45335
2006.04.09,00:00,1.21050,1.21670,1.20650,1.21100,30777
2006.04.16,00:00,1.21200,1.23930,1.21200,1.23470,41204
2006.04.23,00:00,1.23710,1.26330,1.23330,1.26130,44726
2006.04.30,00:00,1.26270,1.27640,1.25550,1.27280,43104
2006.05.07,00:00,1.27410,1.29570,1.26610,1.29280,48943
2006.05.14,00:00,1.29430,1.29720,1.26930,1.27710,53842
2006.05.21,00:00,1.27600,1.28890,1.26950,1.27240,49475
2006.05.28,00:00,1.27310,1.29390,1.27190,1.29210,43675
2006.06.04,00:00,1.29260,1.29780,1.25970,1.26390,43354
2006.06.11,00:00,1.26120,1.26700,1.25290,1.26380,44324
2006.06.18,00:00,1.26460,1.26780,1.24750,1.25090,39065
2006.06.25,00:00,1.25050,1.27890,1.25010,1.27890,43344
2006.07.02,00:00,1.27830,1.28610,1.27040,1.28140,34110
2006.07.09,00:00,1.28120,1.28190,1.26240,1.26460,29585
2006.07.16,00:00,1.26340,1.26960,1.24570,1.26960,24834
2006.07.23,00:00,1.27010,1.27700,1.25610,1.27490,25990
2006.07.30,00:00,1.27620,1.29090,1.27190,1.28770,24969
2006.08.06,00:00,1.28820,1.29120,1.27140,1.27300,24374
2006.08.13,00:00,1.27140,1.28860,1.26940,1.28290,20523
2006.08.20,00:00,1.28310,1.29380,1.27250,1.27550,21713
2006.08.27,00:00,1.27580,1.28790,1.27490,1.28370,23968
2006.09.03,00:00,1.28440,1.28740,1.26510,1.26770,23925
2006.09.10,00:00,1.26670,1.27520,1.26300,1.26600,26405
2006.09.17,00:00,1.26340,1.28290,1.26310,1.27870,31020
2006.09.24,00:00,1.27890,1.28190,1.26380,1.26800,25791
2006.10.01,00:00,1.26820,1.27640,1.25710,1.25940,31164
2006.10.08,00:00,1.25880,1.26130,1.24820,1.25060,28158
2006.10.15,00:00,1.25020,1.26400,1.24890,1.26170,28510
2006.10.22,00:00,1.26150,1.27490,1.25240,1.27330,25621
2006.10.29,00:00,1.27290,1.27950,1.26770,1.27150,25700
2006.11.05,00:00,1.27160,1.28990,1.26890,1.28450,26590
2006.11.12,00:00,1.28500,1.28770,1.27610,1.28240,28264
2006.11.19,00:00,1.28250,1.31090,1.27970,1.30940,25723
2006.11.26,00:00,1.31040,1.33470,1.30860,1.33350,41415
2006.12.03,00:00,1.33620,1.33630,1.31920,1.32020,37313
2006.12.10,00:00,1.31810,1.32900,1.30590,1.30820,38861
2006.12.17,00:00,1.30830,1.32440,1.30520,1.31400,32054
2006.12.24,00:00,1.31290,1.32030,1.30900,1.32010,18959
2006.12.31,00:00,1.31970,1.32960,1.29810,1.30020,26955
2007.01.07,00:00,1.30100,1.30510,1.28670,1.29170,34832
2007.01.14,00:00,1.29250,1.29990,1.28970,1.29620,29871
2007.01.21,00:00,1.29560,1.30430,1.28820,1.29130,33471
2007.01.28,00:00,1.29220,1.30630,1.28970,1.29640,30665
2007.02.04,00:00,1.29650,1.30430,1.29120,1.30040,25167
2007.02.11,00:00,1.30170,1.31720,1.29400,1.31380,29201
2007.02.18,00:00,1.31550,1.31880,1.30800,1.31640,25248
2007.02.25,00:00,1.31770,1.32580,1.31420,1.31910,36960
2007.03.04,00:00,1.32070,1.32110,1.30710,1.31130,34984
2007.03.11,00:00,1.31160,1.33380,1.31080,1.33160,35188
2007.03.18,00:00,1.33170,1.34100,1.31080,1.32820,32221
2007.03.25,00:00,1.32860,1.34100,1.31080,1.33540,33046
2007.04.01,00:00,1.33740,1.34400,1.31080,1.33780,23887
2007.04.08,00:00,1.33740,1.35540,1.31080,1.35270,27218
2007.04.15,00:00,1.35660,1.36360,1.31080,1.35900,29757
2007.04.22,00:00,1.36030,1.36810,1.31080,1.36510,30006
2007.04.29,00:00,1.36410,1.36810,1.31080,1.35910,29149
2007.05.06,00:00,1.35950,1.36810,1.31080,1.35240,26933
2007.05.13,00:00,1.35280,1.36810,1.31080,1.35070,20511
2007.05.20,00:00,1.35170,1.36810,1.31080,1.34420,21357
2007.05.27,00:00,1.34470,1.36810,1.31080,1.34480,19299
2007.06.03,00:00,1.34420,1.36810,1.31080,1.34210,24549
2007.06.10,00:00,1.33610,1.36810,1.31080,1.33880,22654
2007.06.17,00:00,1.33810,1.36810,1.31080,1.34690,19967
2007.06.24,00:00,1.34670,1.36810,1.31080,1.35400,21401
2007.07.01,00:00,1.35430,1.36810,1.31080,1.36260,22532
2007.07.08,00:00,1.36340,1.38130,1.31080,1.37820,28705
2007.07.15,00:00,1.37790,1.38420,1.31080,1.38260,26254
2007.07.22,00:00,1.38300,1.38520,1.31080,1.36350,35888
2007.07.29,00:00,1.36130,1.38520,1.31080,1.37730,37351
2007.08.05,00:00,1.38340,1.38520,1.31080,1.36930,39215
2007.08.12,00:00,1.36850,1.38520,1.31080,1.34740,52758
2007.08.19,00:00,1.34770,1.38520,1.31080,1.36750,36860
2007.08.26,00:00,1.36690,1.38520,1.31080,1.36280,35210
2007.09.02,00:00,1.36290,1.38520,1.31080,1.37670,29494
2007.09.09,00:00,1.37800,1.39270,1.31080,1.38740,34011
2007.09.16,00:00,1.38690,1.41190,1.31080,1.40900,37656
2007.09.23,00:00,1.40910,1.42770,1.31080,1.42660,34170
2007.09.30,00:00,1.42790,1.42820,1.31080,1.41340,35040
2007.10.07,00:00,1.41490,1.42820,1.31080,1.41770,33541
2007.10.14,00:00,1.41740,1.43180,1.31080,1.43000,36610
2007.10.21,00:00,1.43320,1.43930,1.31080,1.43920,44334
2007.10.28,00:00,1.44110,1.45270,1.31080,1.45040,39918
2007.11.04,00:00,1.45170,1.47510,1.31080,1.46770,52817
2007.11.11,00:00,1.46470,1.47510,1.31080,1.46610,57413
2007.11.18,00:00,1.46670,1.49660,1.31080,1.48360,49020
2007.11.25,00:00,1.48260,1.49660,1.31080,1.46380,49668
2007.12.02,00:00,1.46490,1.49660,1.31080,1.46570,44464
2007.12.09,00:00,1.46540,1.49660,1.31080,1.44290,47868
2007.12.16,00:00,1.44040,1.49660,1.31080,1.43810,42824
2007.12.23,00:00,1.43710,1.49660,1.31080,1.47190,20473
2007.12.30,00:00,1.47180,1.49660,1.31080,1.47400,111424
2008.01.06,00:00,1.47460,1.49660,1.31080,1.47760,188186
2008.01.13,00:00,1.48070,1.49660,1.31080,1.46200,232179
2008.01.20,00:00,1.45960,1.49660,1.31080,1.46810,270428
2008.01.27,00:00,1.46890,1.49660,1.31080,1.48010,226941
2008.02.03,00:00,1.47970,1.49660,1.31080,1.45010,231458
2008.02.10,00:00,1.45230,1.49660,1.31080,1.46810,203531
2008.02.17,00:00,1.46720,1.49660,1.31080,1.48260,202009
2008.02.24,00:00,1.48330,1.52380,1.31080,1.51780,234565
2008.03.02,00:00,1.52070,1.54630,1.31080,1.53540,222622
2008.03.09,00:00,1.53970,1.56870,1.31080,1.56730,269896
2008.03.16,00:00,1.57040,1.59041,1.31080,1.54320,299949
2008.03.23,00:00,1.54100,1.59041,1.31080,1.57940,253298
2008.03.30,00:00,1.58060,1.59041,1.31080,1.57370,261321
2008.04.06,00:00,1.57290,1.59121,1.31080,1.58070,244410
2008.04.13,00:00,1.57040,1.59821,1.31080,1.58160,267341
2008.04.20,00:00,1.58110,1.60191,1.31080,1.56290,267986
2008.04.27,00:00,1.56120,1.60191,1.31080,1.54230,250141
2008.05.04,00:00,1.54290,1.60191,1.31080,1.54012,240484
2008.05.11,00:00,1.54570,1.60191,1.31080,1.55760,262037
2008.05.18,00:00,1.55960,1.60191,1.31080,1.57610,245918
2008.05.25,00:00,1.57690,1.60191,1.31080,1.55540,214697
2008.06.01,00:00,1.55610,1.60191,1.31080,1.57770,268102
2008.06.08,00:00,1.57910,1.60191,1.31080,1.53790,289839
2008.06.15,00:00,1.54040,1.60191,1.31080,1.56060,247084
2008.06.22,00:00,1.56280,1.60191,1.31080,1.57910,224316
2008.06.29,00:00,1.57770,1.60191,1.31080,1.57060,221418
2008.07.06,00:00,1.56920,1.60191,1.31080,1.59370,245800
2008.07.13,00:00,1.59640,1.60373,1.31080,1.58470,275623
2008.07.20,00:00,1.58420,1.60373,1.31080,1.57090,124553
2008.07.27,00:00,1.56960,1.57680,1.55150,1.55630,54494
2008.08.03,00:00,1.55740,1.56310,1.49970,1.50050,65895
2008.08.10,00:00,1.49430,1.50830,1.46600,1.46890,81985
2008.08.17,00:00,1.46840,1.49080,1.46290,1.47920,55261
2008.08.24,00:00,1.47890,1.48110,1.45710,1.46780,68920
2008.08.31,00:00,1.47070,1.47230,1.41960,1.42670,84951
2008.09.07,00:00,1.43770,1.44280,1.38810,1.42240,106202
2008.09.14,00:00,1.42930,1.45420,1.40710,1.44670,168866
2008.09.21,00:00,1.44900,1.48670,1.44360,1.46130,105515
2008.09.28,00:00,1.45170,1.45750,1.37020,1.37710,137842
2008.10.05,00:00,1.36370,1.37850,1.32580,1.34080,190546
2008.10.12,00:00,1.35800,1.37680,1.33450,1.34100,155265
2008.10.19,00:00,1.34050,1.35300,1.24960,1.26220,162887
2008.10.26,00:00,1.25760,1.32900,1.23290,1.27250,187316
2008.11.02,00:00,1.27690,1.31150,1.25250,1.27170,170442
2008.11.09,00:00,1.28160,1.29270,1.23890,1.26040,180826
2008.11.16,00:00,1.25370,1.28130,1.24230,1.25870,155698
2008.11.23,00:00,1.26080,1.30800,1.25630,1.26900,122697
2008.11.30,00:00,1.26940,1.28470,1.25490,1.27170,76663
2008.12.07,00:00,1.27230,1.34140,1.27140,1.33670,71768
2008.12.14,00:00,1.33940,1.47190,1.33920,1.39120,135972
2008.12.21,00:00,1.39240,1.41240,1.39020,1.40250,43355
2008.12.28,00:00,1.40730,1.43600,1.38400,1.39200,48553
2009.01.04,00:00,1.38850,1.39620,1.33130,1.34770,107821
2009.01.11,00:00,1.34610,1.34620,1.30260,1.32660,152670
2009.01.18,00:00,1.33510,1.33850,1.27640,1.29740,152514
2009.01.25,00:00,1.29180,1.33290,1.27630,1.28110,167087
2009.02.01,00:00,1.27510,1.30690,1.27060,1.29390,140760
2009.02.08,00:00,1.29713,1.30930,1.27200,1.28615,170901
2009.02.15,00:00,1.27920,1.28840,1.25120,1.28255,142775
2009.02.22,00:00,1.28195,1.29911,1.26035,1.26676,258734
2009.03.01,00:00,1.26169,1.27541,1.24560,1.26535,262945
2009.03.08,00:00,1.26746,1.29565,1.25549,1.29286,255215
2009.03.15,00:00,1.28492,1.37376,1.28482,1.35811,282666
2009.03.22,00:00,1.36564,1.37350,1.32563,1.32866,237172
2009.03.29,00:00,1.32211,1.35167,1.31121,1.34849,235758
2009.04.05,00:00,1.35142,1.35806,1.30894,1.31866,195010
2009.04.12,00:00,1.31898,1.33915,1.30167,1.30426,196006
2009.04.19,00:00,1.30406,1.33004,1.28844,1.32411,214211
2009.04.26,00:00,1.32443,1.33850,1.29637,1.32701,220985
2009.05.03,00:00,1.32828,1.36501,1.32119,1.36326,248818
2009.05.10,00:00,1.36544,1.37211,1.34614,1.34947,263380
2009.05.17,00:00,1.34836,1.40495,1.34234,1.39974,328781
2009.05.24,00:00,1.40281,1.41678,1.37931,1.41597,406949
2009.05.31,00:00,1.41314,1.43378,1.39327,1.39673,490558
2009.06.07,00:00,1.39434,1.41710,1.38039,1.40153,449183
2009.06.14,00:00,1.39876,1.40112,1.37477,1.39372,436259
2009.06.21,00:00,1.39487,1.41375,1.38264,1.40551,437367
2009.06.28,00:00,1.40616,1.41965,1.39273,1.39797,374126
2009.07.05,00:00,1.39558,1.40715,1.38323,1.39353,396477
2009.07.12,00:00,1.39461,1.41652,1.38966,1.41008,382457
2009.07.19,00:00,1.41162,1.42907,1.41090,1.42016,394434
2009.07.26,00:00,1.42297,1.43036,1.40072,1.42561,368730
2009.08.02,00:00,1.42681,1.44465,1.41537,1.41825,345992
2009.08.09,00:00,1.41810,1.43267,1.40861,1.42022,333388
2009.08.16,00:00,1.41879,1.43752,1.40454,1.43249,347169
2009.08.23,00:00,1.43437,1.44049,1.42065,1.43022,279413
2009.08.30,00:00,1.43064,1.43773,1.41773,1.42955,274393
2009.09.06,00:00,1.43059,1.46337,1.43018,1.45697,263051
2009.09.13,00:00,1.45987,1.47659,1.45154,1.47106,280194
2009.09.20,00:00,1.46928,1.48427,1.46110,1.46881,296611
2009.09.27,00:00,1.47007,1.47193,1.44835,1.45740,317020
2009.10.04,00:00,1.45883,1.48159,1.45791,1.47300,297225
2009.10.11,00:00,1.47177,1.49656,1.46752,1.49035,305354
2009.10.18,00:00,1.48932,1.50595,1.48267,1.50072,316006
2009.10.25,00:00,1.50090,1.50617,1.46829,1.47161,293403
2009.11.01,00:00,1.47161,1.49175,1.46261,1.48470,175016
2009.11.08,00:00,1.48804,1.50478,1.48207,1.49038,155908
2009.11.15,00:00,1.49176,1.50147,1.48008,1.48590,153247
2009.11.22,00:00,1.48552,1.51439,1.48280,1.49857,158736
2009.11.29,00:00,1.50114,1.51407,1.48216,1.48555,152506
2009.12.06,00:00,1.48552,1.49042,1.45860,1.46138,167851
2009.12.13,00:00,1.46216,1.46851,1.42611,1.43335,158889
2009.12.20,00:00,1.43078,1.44177,1.42170,1.43530,81231
2009.12.27,00:00,1.43866,1.44577,1.42729,1.43291,54087
2010.01.03,00:00,1.43005,1.44832,1.42563,1.44090,155879
2010.01.10,00:00,1.44269,1.45776,1.43361,1.43843,163242
2010.01.17,00:00,1.43545,1.44135,1.40285,1.41359,166415
2010.01.24,00:00,1.41555,1.41938,1.38607,1.38610,175971
2010.01.31,00:00,1.38622,1.40257,1.35847,1.36771,173765
2010.02.07,00:00,1.36564,1.38386,1.35308,1.36300,187435
2010.02.14,00:00,1.36248,1.37880,1.34431,1.36129,154701
2010.02.21,00:00,1.36346,1.36912,1.34507,1.36270,177331
2010.02.28,00:00,1.36230,1.37356,1.34339,1.36224,181327
2010.03.07,00:00,1.36316,1.37958,1.35371,1.37669,141163
2010.03.14,00:00,1.37617,1.38172,1.35026,1.35290,133765
2010.03.21,00:00,1.35304,1.35688,1.32667,1.34085,160880
2010.03.28,00:00,1.34714,1.35907,1.33837,1.35019,122919
2010.04.04,00:00,1.34964,1.35376,1.32821,1.34980,123070
2010.04.11,00:00,1.36552,1.36911,1.34720,1.35009,152494
2010.04.18,00:00,1.34690,1.35223,1.32015,1.33821,152641
2010.04.25,00:00,1.33468,1.34145,1.31142,1.32927,176038
2010.05.02,00:00,1.33559,1.33593,1.25194,1.27503,249003
2010.05.09,00:00,1.29170,1.30940,1.23529,1.23560,378638
2010.05.16,00:00,1.23411,1.26713,1.21431,1.25689,458703
2010.05.23,00:00,1.25360,1.25617,1.21533,1.22704,391761
2010.05.30,00:00,1.22675,1.23534,1.19550,1.19642,331827
2010.06.06,00:00,1.19279,1.21519,1.18757,1.21105,342631
2010.06.13,00:00,1.21206,1.24160,1.21154,1.23851,271853
2010.06.20,00:00,1.24575,1.24666,1.22085,1.23665,276962
2010.06.27,00:00,1.23721,1.26104,1.21507,1.25652,293012
2010.07.04,00:00,1.25609,1.27218,1.24794,1.26382,242534
2010.07.11,00:00,1.26357,1.30064,1.25225,1.29281,276620
2010.07.18,00:00,1.29043,1.30277,1.27318,1.29077,283616
2010.07.25,00:00,1.28896,1.31057,1.28755,1.30483,249449
2010.08.01,00:00,1.30615,1.33333,1.30527,1.32800,251440
2010.08.08,00:00,1.32917,1.33072,1.27487,1.27520,339337
2010.08.15,00:00,1.27640,1.29218,1.26637,1.27095,403688
2010.08.22,00:00,1.27033,1.27788,1.25871,1.27593,410654
2010.08.29,00:00,1.27608,1.28965,1.26250,1.28938,342466
2010.09.05,00:00,1.28888,1.29176,1.26432,1.26796,493121
2010.09.12,00:00,1.27131,1.31587,1.27026,1.30477,597318
2010.09.19,00:00,1.30588,1.34936,1.30286,1.34922,566780
2010.09.26,00:00,1.34839,1.37908,1.33801,1.37899,485687
2010.10.03,00:00,1.37994,1.40283,1.36367,1.39353,374978
2010.10.10,00:00,1.39949,1.41575,1.37746,1.39746,390328
2010.10.17,00:00,1.39874,1.40497,1.36970,1.39526,531244
2010.10.24,00:00,1.39714,1.40794,1.37336,1.39452,542931
2010.10.31,00:00,1.39652,1.42814,1.38633,1.40307,526688
2010.11.07,00:00,1.40570,1.40849,1.35730,1.36884,614909
2010.11.14,00:00,1.37055,1.37498,1.34469,1.36704,723642
2010.11.21,00:00,1.37176,1.37854,1.32000,1.32399,1077931
2010.11.28,00:00,1.32814,1.34372,1.29683,1.34120,1239410
2010.12.05,00:00,1.33755,1.34217,1.31639,1.32222,1132780
2010.12.12,00:00,1.31962,1.34975,1.31320,1.31868,1071460
2010.12.19,00:00,1.31843,1.32011,1.30549,1.31208,599022
2010.12.26,00:00,1.31136,1.34238,1.30707,1.33608,617673
2011.01.02,00:00,1.33452,1.34328,1.29045,1.29057,442513
2011.01.09,00:00,1.28750,1.34552,1.28721,1.33869,425131
2011.01.16,00:00,1.33846,1.36236,1.32454,1.36136,420761
2011.01.23,00:00,1.36421,1.37574,1.35399,1.36079,453663
2011.01.30,00:00,1.35880,1.38607,1.35435,1.35804,433298
2011.02.06,00:00,1.35634,1.37432,1.34971,1.35513,416021
2011.02.13,00:00,1.35082,1.37141,1.34279,1.36923,398031
2011.02.20,00:00,1.37003,1.38373,1.35275,1.37523,363534
2011.02.27,00:00,1.37574,1.40057,1.37110,1.39863,389828
2011.03.06,00:00,1.39884,1.40353,1.37519,1.39017,375250
2011.03.13,00:00,1.39684,1.41832,1.38550,1.41804,433870
2011.03.20,00:00,1.41758,1.42479,1.40534,1.40845,361317
2011.03.27,00:00,1.40409,1.42447,1.40207,1.42345,351281
2011.04.03,00:00,1.42306,1.44871,1.41511,1.44822,306220
2011.04.10,00:00,1.44707,1.45192,1.43645,1.44289,325483
2011.04.17,00:00,1.44106,1.46478,1.41572,1.45595,289324
2011.04.24,00:00,1.45595,1.48809,1.44929,1.48062,301885
2011.05.01,00:00,1.48080,1.49385,1.43117,1.43132,392077
2011.05.08,00:00,1.43613,1.44407,1.40667,1.41169,468374
2011.05.15,00:00,1.40900,1.43446,1.40478,1.41591,454592
2011.05.22,00:00,1.41246,1.43216,1.39691,1.43173,506286
2011.05.29,00:00,1.43210,1.46420,1.42567,1.46310,410036
2011.06.05,00:00,1.46075,1.46955,1.43221,1.43458,444105
2011.06.12,00:00,1.43235,1.44971,1.40731,1.43095,450554
2011.06.19,00:00,1.42760,1.44407,1.41265,1.41864,432552
2011.06.26,00:00,1.41921,1.45501,1.41023,1.45246,426838
2011.07.03,00:00,1.45362,1.45769,1.42059,1.42632,388227
2011.07.10,00:00,1.42043,1.42808,1.38371,1.41558,489121
2011.07.17,00:00,1.41121,1.44372,1.40140,1.43567,428112
2011.07.24,00:00,1.43879,1.45346,1.42290,1.43960,430454
2011.07.31,00:00,1.43804,1.44525,1.40553,1.42804,515473
2011.08.07,00:00,1.44203,1.44316,1.41039,1.42448,595290
2011.08.14,00:00,1.42640,1.45167,1.42440,1.43950,470452
2011.08.21,00:00,1.43870,1.45008,1.43283,1.44984,426160
2011.08.28,00:00,1.44986,1.45482,1.41839,1.42037,399752
2011.09.04,00:00,1.41619,1.42689,1.36272,1.36532,486106
2011.09.11,00:00,1.35844,1.39359,1.34989,1.37919,547789
2011.09.18,00:00,1.36904,1.37953,1.33856,1.34958,573240
2011.09.25,00:00,1.35215,1.36892,1.33624,1.33845,569117
2011.10.02,00:00,1.33431,1.35241,1.31452,1.33755,558766
2011.10.09,00:00,1.33866,1.38936,1.33774,1.38780,500111
2011.10.16,00:00,1.38659,1.39137,1.36526,1.38917,522558
2011.10.23,00:00,1.38408,1.42460,1.37997,1.41453,525953
2011.10.30,00:00,1.41505,1.41695,1.36085,1.37898,546108
2011.11.06,00:00,1.38271,1.38580,1.34837,1.37473,503168
2011.11.13,00:00,1.38083,1.38091,1.34213,1.35222,525487
2011.11.20,00:00,1.35111,1.35678,1.32123,1.32367,466977
2011.11.27,00:00,1.33228,1.35456,1.32591,1.33896,477593
2011.12.04,00:00,1.34225,1.34851,1.32810,1.33842,426023
2011.12.11,00:00,1.33802,1.33806,1.29462,1.30429,422719
2011.12.18,00:00,1.30405,1.31956,1.29827,1.30393,382377
2011.12.25,00:00,1.30549,1.30824,1.28577,1.29570,287003
2012.01.01,00:00,1.29357,1.30762,1.26972,1.27188,374726
2012.01.08,00:00,1.26944,1.28778,1.26241,1.26775,419119
2012.01.15,00:00,1.26335,1.29854,1.26254,1.29298,417331
2012.01.22,00:00,1.28779,1.32330,1.28754,1.32189,402244
2012.01.29,00:00,1.32264,1.32264,1.30257,1.31561,421238
2012.02.05,00:00,1.31137,1.33199,1.30278,1.31954,430154
2012.02.12,00:00,1.32093,1.32833,1.29745,1.31386,430692
2012.02.19,00:00,1.31805,1.34856,1.31724,1.34460,392719
2012.02.26,00:00,1.34634,1.34851,1.31866,1.31979,415020
2012.03.04,00:00,1.31913,1.32904,1.30961,1.31221,390102
2012.03.11,00:00,1.31111,1.31905,1.30032,1.31735,360132
2012.03.18,00:00,1.31796,1.32916,1.31343,1.32690,343070
2012.03.25,00:00,1.32697,1.33848,1.31919,1.33408,349544
2012.04.01,00:00,1.33595,1.33801,1.30346,1.30911,335260
2012.04.08,00:00,1.31006,1.32122,1.30330,1.30764,354277
2012.04.15,00:00,1.30650,1.32262,1.29945,1.32170,382245
2012.04.22,00:00,1.32005,1.32695,1.31042,1.32514,355238
2012.04.29,00:00,1.32362,1.32828,1.30799,1.30832,307368
2012.05.06,00:00,1.30127,1.30645,1.29044,1.29162,394337
2012.05.13,00:00,1.29013,1.29038,1.26417,1.27783,393443
2012.05.20,00:00,1.27650,1.28230,1.24964,1.25154,433651
2012.05.27,00:00,1.25750,1.26235,1.22882,1.24334,432724
2012.06.03,00:00,1.24166,1.26243,1.23854,1.25160,438745
2012.06.10,00:00,1.26400,1.26677,1.24423,1.26361,441938
2012.06.17,00:00,1.26965,1.27468,1.25191,1.25677,441949
2012.06.24,00:00,1.25465,1.26918,1.24071,1.26655,421759
2012.07.01,00:00,1.26771,1.26799,1.22598,1.22875,379057
2012.07.08,00:00,1.22638,1.23331,1.21622,1.22485,381277
2012.07.15,00:00,1.22673,1.23214,1.21440,1.21551,381649
2012.07.22,00:00,1.21201,1.23889,1.20418,1.23211,436090
2012.07.29,00:00,1.22972,1.24011,1.21337,1.23848,398229
2012.08.05,00:00,1.23972,1.24422,1.22409,1.22884,376160
2012.08.12,00:00,1.22895,1.23849,1.22561,1.23327,337245
2012.08.19,00:00,1.23521,1.25885,1.22948,1.25109,347048
2012.08.26,00:00,1.25122,1.26360,1.24647,1.25783,272098
2012.09.02,00:00,1.25704,1.28165,1.25012,1.28154,319241
2012.09.09,00:00,1.28090,1.31676,1.27543,1.31286,351194
2012.09.16,00:00,1.31198,1.31706,1.29201,1.29788,363385
2012.09.23,00:00,1.29756,1.29897,1.28293,1.28595,311837
2012.09.30,00:00,1.28476,1.30708,1.28031,1.30391,308953
2012.10.07,00:00,1.30250,1.30260,1.28253,1.29503,280282
2012.10.14,00:00,1.29534,1.31384,1.28908,1.30230,290658
2012.10.21,00:00,1.30205,1.30824,1.28830,1.29353,281959
2012.10.28,00:00,1.29421,1.30199,1.28207,1.28337,245615
2012.11.04,00:00,1.28161,1.28757,1.26895,1.27106,312608
2012.11.11,00:00,1.27116,1.28010,1.26612,1.27418,288732
2012.11.18,00:00,1.27486,1.29896,1.27359,1.29729,278831
2012.11.25,00:00,1.29667,1.30267,1.28796,1.29848,287583
2012.12.02,00:00,1.29927,1.31253,1.28769,1.29261,272096
2012.12.09,00:00,1.28889,1.31727,1.28855,1.31622,258058
2012.12.16,00:00,1.31774,1.33076,1.31437,1.31867,265505
2012.12.23,00:00,1.31744,1.32833,1.31654,1.32146,149625
2012.12.30,00:00,1.32131,1.32929,1.29975,1.30677,175026
2013.01.06,00:00,1.30751,1.33650,1.30165,1.33416,255793
2013.01.13,00:00,1.33609,1.34031,1.32568,1.33195,268773
2013.01.20,00:00,1.33091,1.34783,1.32642,1.34629,255573
2013.01.27,00:00,1.34653,1.37106,1.34140,1.36391,280014
2013.02.03,00:00,1.36506,1.36590,1.33531,1.33614,301161
2013.02.10,00:00,1.33680,1.35194,1.33061,1.33584,274247
2013.02.17,00:00,1.33480,1.34330,1.31451,1.31904,255397
2013.02.24,00:00,1.32157,1.33174,1.29664,1.30189,268285
2013.03.03,00:00,1.30125,1.31340,1.29549,1.30034,193506
2013.03.10,00:00,1.29962,1.31059,1.29110,1.30747,190368
2013.03.17,00:00,1.29180,1.30088,1.28458,1.29875,247289
2013.03.24,00:00,1.29620,1.30477,1.27514,1.28169,303709
2013.03.31,00:00,1.28056,1.30392,1.27469,1.29906,283230
2013.04.07,00:00,1.29723,1.31377,1.29682,1.31103,278646
2013.04.14,00:00,1.31146,1.32006,1.30019,1.30513,304777
2013.04.21,00:00,1.30770,1.30931,1.29549,1.30289,270653
2013.04.28,00:00,1.30482,1.32423,1.30315,1.31130,260750
2013.05.05,00:00,1.31225,1.31939,1.29352,1.29879,252450
2013.05.12,00:00,1.29697,1.30283,1.27963,1.28375,295680
2013.05.19,00:00,1.28418,1.29976,1.28191,1.29297,317458
2013.05.26,00:00,1.29339,1.30610,1.28379,1.29963,289726
2013.06.02,00:00,1.29945,1.33044,1.29552,1.32167,321588
2013.06.09,00:00,1.31916,1.33897,1.31771,1.33447,319610
2013.06.16,00:00,1.33476,1.34149,1.30986,1.31203,338784
2013.06.23,00:00,1.30911,1.31503,1.29846,1.30077,326906
2013.06.30,00:00,1.30144,1.30776,1.28058,1.28296,275569
2013.07.07,00:00,1.28115,1.31457,1.27559,1.30648,334006
2013.07.14,00:00,1.30747,1.31769,1.29932,1.31415,312648
2013.07.21,00:00,1.31382,1.32965,1.31355,1.32770,293178
2013.07.28,00:00,1.32855,1.33103,1.31889,1.32785,291325
2013.08.04,00:00,1.32827,1.33997,1.32325,1.33393,265001
2013.08.11,00:00,1.33205,1.33794,1.32188,1.33279,303399
2013.08.18,00:00,1.33345,1.34511,1.33068,1.33796,304888
2013.08.25,00:00,1.33846,1.33982,1.31734,1.32199,282075
2013.09.01,00:00,1.32137,1.32264,1.31043,1.31766,273670
2013.09.08,00:00,1.31634,1.33240,1.31620,1.32931,263581
2013.09.15,00:00,1.33602,1.35679,1.33249,1.35213,274258
2013.09.22,00:00,1.35471,1.35639,1.34619,1.35215,228773
2013.09.29,00:00,1.34935,1.36424,1.34773,1.35564,281435
2013.10.06,00:00,1.35643,1.36066,1.34875,1.35408,250685
2013.10.13,00:00,1.35605,1.37033,1.34733,1.36854,281576
2013.10.20,00:00,1.36834,1.38317,1.36507,1.38018,229056
2013.10.27,00:00,1.38077,1.38170,1.34797,1.34859,299295
2013.11.03,00:00,1.34887,1.35468,1.32956,1.33649,247966
2013.11.10,00:00,1.33568,1.35045,1.33445,1.34945,288454
2013.11.17,00:00,1.34958,1.35770,1.34139,1.35575,305943
2013.11.24,00:00,1.35482,1.36211,1.34898,1.35899,243267
2013.12.01,00:00,1.35866,1.37059,1.35240,1.37049,326057
2013.12.08,00:00,1.37141,1.38102,1.36941,1.37388,293240
2013.12.15,00:00,1.37283,1.37981,1.36249,1.36712,280059
2013.12.22,00:00,1.36739,1.38922,1.36546,1.37473,151336
2013.12.29,00:00,1.37565,1.38187,1.35820,1.35875,171235
2014.01.05,00:00,1.35933,1.36865,1.35484,1.36674,230910
2014.01.12,00:00,1.36774,1.36988,1.35167,1.35404,212250
2014.01.19,00:00,1.35372,1.37387,1.35072,1.36755,249461
2014.01.26,00:00,1.36774,1.37158,1.34786,1.34849,263315
2014.02.02,00:00,1.34832,1.36419,1.34767,1.36340,220957
2014.02.09,00:00,1.36156,1.37141,1.35618,1.36916,195554
2014.02.16,00:00,1.37091,1.37726,1.36862,1.37395,194672
2014.02.23,00:00,1.37344,1.38239,1.36427,1.38014,221155
2014.03.02,00:00,1.37585,1.39142,1.37068,1.38764,209615
2014.03.09,00:00,1.38728,1.39660,1.38332,1.39132,186373
2014.03.16,00:00,1.39118,1.39470,1.37487,1.37930,202290
2014.03.23,00:00,1.37992,1.38747,1.37059,1.37513,230302
2014.03.30,00:00,1.37617,1.38198,1.36722,1.37019,199585
2014.04.06,00:00,1.36983,1.39047,1.36959,1.38842,182094
2014.04.13,00:00,1.38430,1.38638,1.37900,1.38088,156361
2014.04.20,00:00,1.38134,1.38539,1.37845,1.38329,149881
2014.04.27,00:00,1.38439,1.38885,1.37770,1.38685,153998
2014.05.04,00:00,1.38837,1.39927,1.37453,1.37575,165230
2014.05.11,00:00,1.37524,1.37742,1.36479,1.36933,179825
2014.05.18,00:00,1.36920,1.37336,1.36151,1.36287,159318
2014.05.25,00:00,1.36222,1.36681,1.35859,1.36341,155620
2014.06.01,00:00,1.36368,1.36763,1.35028,1.36423,195015
2014.06.08,00:00,1.36412,1.36685,1.35119,1.35403,195575
2014.06.15,00:00,1.35402,1.36430,1.35127,1.35993,177472
2014.06.22,00:00,1.35889,1.36508,1.35736,1.36489,164789
2014.06.29,00:00,1.36424,1.36998,1.35851,1.35937,150887
2014.07.06,00:00,1.35944,1.36503,1.35756,1.36058,159974
2014.07.13,00:00,1.35995,1.36399,1.34906,1.35234,175868
2014.07.20,00:00,1.35275,1.35486,1.34210,1.34293,162773
2014.07.27,00:00,1.34306,1.34441,1.33663,1.34279,186175
2014.08.03,00:00,1.34302,1.34329,1.33326,1.34094,198744
2014.08.10,00:00,1.34102,1.34145,1.33355,1.33987,170097
2014.08.17,00:00,1.33916,1.33987,1.32201,1.32389,164633
2014.08.24,00:00,1.31956,1.32200,1.31314,1.31314,175598
2014.08.31,00:00,1.31284,1.31592,1.29197,1.29508,189125
2014.09.07,00:00,1.29543,1.29783,1.28588,1.29641,236853
2014.09.14,00:00,1.29729,1.29943,1.28274,1.28281,278396
2014.09.21,00:00,1.28334,1.29005,1.26764,1.26823,221809
2014.09.28,00:00,1.26819,1.27142,1.24999,1.25152,268376
2014.10.05,00:00,1.25118,1.27903,1.25084,1.26276,290592
2014.10.12,00:00,1.26303,1.28849,1.26201,1.27596,325656
2014.10.19,00:00,1.27502,1.28396,1.26135,1.26694,253137
2014.10.26,00:00,1.26737,1.27698,1.24859,1.25227,266589
2014.11.02,00:00,1.25060,1.25764,1.23580,1.24540,322919
2014.11.09,00:00,1.24722,1.25455,1.23940,1.25236,283617
2014.11.16,00:00,1.25287,1.25981,1.23746,1.23902,292172
2014.11.23,00:00,1.23622,1.25305,1.23620,1.24511,248417
2014.11.30,00:00,1.24639,1.25062,1.22708,1.22824,354682
2014.12.07,00:00,1.22870,1.24944,1.22467,1.24607,455502
2014.12.14,00:00,1.24741,1.25687,1.22197,1.22268,524193
2014.12.21,00:00,1.22224,1.22720,1.21643,1.21808,245702
2014.12.28,00:00,1.21796,1.22205,1.20001,1.20009,277766
2015.01.04,00:00,1.19503,1.19758,1.17537,1.18403,502267
2015.01.11,00:00,1.18470,1.18703,1.14600,1.15646,573437
2015.01.18,00:00,1.15534,1.16790,1.11146,1.12026,496372
2015.01.25,00:00,1.11519,1.14220,1.10976,1.12861,532232
2015.02.01,00:00,1.13120,1.15331,1.12915,1.13142,500012
2015.02.08,00:00,1.12964,1.14419,1.12698,1.13916,471311
2015.02.15,00:00,1.13957,1.14493,1.12794,1.13793,396075
2015.02.22,00:00,1.13911,1.13947,1.11757,1.11943,449111
2015.03.01,00:00,1.11806,1.12401,1.08389,1.08394,469588
2015.03.08,00:00,1.08349,1.09059,1.04617,1.04955,550480
2015.03.15,00:00,1.04897,1.10408,1.04790,1.08201,545860
2015.03.22,00:00,1.08665,1.10516,1.07670,1.08906,552054
2015.03.29,00:00,1.08846,1.10258,1.07130,1.09689,466412
2015.04.05,00:00,1.10015,1.10351,1.05675,1.06031,483524
2015.04.12,00:00,1.05844,1.08482,1.05204,1.08051,551221
2015.04.19,00:00,1.08188,1.08994,1.06595,1.08704,517677
2015.04.26,00:00,1.08629,1.12896,1.08194,1.11985,530702
2015.05.03,00:00,1.11930,1.13915,1.10660,1.11990,314033
2015.05.10,00:00,1.11988,1.14666,1.11306,1.14498,333385
2015.05.17,00:00,1.14475,1.14488,1.10016,1.10101,355931
2015.05.24,00:00,1.10014,1.10089,1.08187,1.09852,316697
2015.05.31,00:00,1.09800,1.13791,1.08867,1.11110,353706
2015.06.07,00:00,1.10966,1.13850,1.10836,1.12636,332737
2015.06.14,00:00,1.12112,1.14354,1.11886,1.13504,299640
2015.06.21,00:00,1.13726,1.14095,1.11293,1.11614,288666
2015.06.28,00:00,1.10038,1.12751,1.09538,1.10907,311572
2015.07.05,00:00,1.09867,1.12153,1.09157,1.11573,336319
2015.07.12,00:00,1.10938,1.11960,1.08275,1.08278,283938
2015.07.19,00:00,1.08308,1.10172,1.08081,1.09806,283348
2015.07.26,00:00,1.09816,1.11283,1.08927,1.09824,274413
2015.08.02,00:00,1.09719,1.09953,1.08477,1.09641,267886
2015.08.09,00:00,1.09653,1.12131,1.09248,1.11073,280724
2015.08.16,00:00,1.11149,1.13884,1.10171,1.13735,286174
2015.08.23,00:00,1.13730,1.17133,1.11551,1.11843,458544
2015.08.30,00:00,1.11769,1.13320,1.10865,1.11374,427047
2015.09.06,00:00,1.11618,1.13491,1.11210,1.13232,313678
2015.09.13,00:00,1.13283,1.14592,1.12134,1.12892,305588
2015.09.20,00:00,1.12816,1.13291,1.11045,1.11854,303880
2015.09.27,00:00,1.11791,1.13178,1.11344,1.12077,305460
2015.10.04,00:00,1.12179,1.13866,1.11714,1.13551,282752
2015.10.11,00:00,1.13596,1.14942,1.13337,1.13435,236153
2015.10.18,00:00,1.13560,1.13862,1.09958,1.10136,293362
2015.10.25,00:00,1.10050,1.10951,1.08960,1.10026,302020
2015.11.01,00:00,1.10336,1.10518,1.07066,1.07358,258085
2015.11.08,00:00,1.07262,1.08291,1.06737,1.07691,302854
2015.11.15,00:00,1.07399,1.07625,1.06163,1.06451,357728
2015.11.22,00:00,1.06390,1.06885,1.05652,1.05929,310044
2015.11.29,00:00,1.05884,1.09799,1.05199,1.08800,480137
2015.12.06,00:00,1.08712,1.10416,1.07954,1.09845,507207
2015.12.13,00:00,1.09836,1.10588,1.08019,1.08596,540583
2015.12.20,00:00,1.08513,1.09831,1.08455,1.09535,272205
2015.12.27,00:00,1.09512,1.09917,1.08527,1.08575,209918
2016.01.03,00:00,1.08721,1.09455,1.07099,1.09218,518122
2016.01.10,00:00,1.09184,1.09837,1.08041,1.09108,560727
2016.01.17,00:00,1.09195,1.09751,1.07768,1.07952,518522
2016.01.24,00:00,1.07924,1.09670,1.07870,1.08287,398277
2016.01.31,00:00,1.08321,1.12455,1.08141,1.11551,560479
2016.02.07,00:00,1.11419,1.13759,1.10860,1.12520,696354
2016.02.14,00:00,1.12361,1.12487,1.10660,1.11266,517014
2016.02.21,00:00,1.11103,1.11238,1.09110,1.09282,522083
2016.02.28,00:00,1.09116,1.10425,1.08250,1.10033,488154
2016.03.06,00:00,1.09901,1.12172,1.08216,1.11487,475496
2016.03.13,00:00,1.11450,1.13418,1.10574,1.12673,436110
2016.03.20,00:00,1.12681,1.12841,1.11437,1.11632,224211
2016.03.27,00:00,1.11621,1.14373,1.11522,1.13886,421481
2016.04.03,00:00,1.14000,1.14534,1.13260,1.13956,516412
2016.04.10,00:00,1.14154,1.14643,1.12332,1.12801,537421
2016.04.17,00:00,1.12993,1.13975,1.12174,1.12243,530612
2016.04.24,00:00,1.12175,1.14585,1.12174,1.14468,634329
2016.05.01,00:00,1.14607,1.16155,1.13852,1.14002,555712
2016.05.08,00:00,1.13956,1.14457,1.12822,1.13049,451658
2016.05.15,00:00,1.13118,1.13477,1.11793,1.12197,437375
2016.05.22,00:00,1.12075,1.12421,1.11102,1.11103,431301
2016.05.29,00:00,1.11123,1.13732,1.10973,1.13657,476290
2016.06.05,00:00,1.13554,1.14147,1.12446,1.12497,508565
2016.06.12,00:00,1.12479,1.13023,1.11302,1.12730,592720
2016.06.19,00:00,1.13305,1.14263,1.09109,1.10901,686488
2016.06.26,00:00,1.10022,1.11688,1.09703,1.11364,645765
2016.07.03,00:00,1.11235,1.11858,1.10012,1.10496,488110
2016.07.10,00:00,1.10497,1.11642,1.10152,1.10294,530745
2016.07.17,00:00,1.10485,1.10836,1.09545,1.09753,468595
2016.07.24,00:00,1.09722,1.11964,1.09512,1.11718,487409
2016.07.31,00:00,1.11709,1.12328,1.10450,1.10847,455419
2016.08.07,00:00,1.10803,1.12204,1.10697,1.11614,417125
2016.08.14,00:00,1.11654,1.13655,1.11526,1.13242,434388
2016.08.21,00:00,1.13138,1.13544,1.11800,1.11913,412580
2016.08.28,00:00,1.11818,1.12513,1.11222,1.11554,449974
2016.09.04,00:00,1.11554,1.13261,1.11386,1.12306,474841
2016.09.11,00:00,1.12294,1.12824,1.11488,1.11552,526710
2016.09.18,00:00,1.11527,1.12564,1.11222,1.12273,481225
2016.09.25,00:00,1.12239,1.12783,1.11525,1.12370,517363
2016.10.02,00:00,1.12327,1.12428,1.11035,1.11993,525028
2016.10.09,00:00,1.11876,1.12026,1.09695,1.09714,524760
2016.10.16,00:00,1.09691,1.10386,1.08583,1.08798,458497
2016.10.23,00:00,1.08814,1.09908,1.08503,1.09839,489521
2016.10.30,00:00,1.09865,1.11391,1.09351,1.11380,534580
2016.11.06,00:00,1.10824,1.12986,1.08298,1.08588,736293
2016.11.13,00:00,1.08358,1.08394,1.05684,1.05880,679481
2016.11.20,00:00,1.05911,1.06571,1.05173,1.05900,601625
2016.11.27,00:00,1.06043,1.06892,1.05518,1.06706,655580
2016.12.04,00:00,1.05954,1.08724,1.05042,1.05568,622492
2016.12.11,00:00,1.05382,1.06691,1.03657,1.04508,643938
2016.12.18,00:00,1.04363,1.04985,1.03515,1.04552,474776
2016.12.25,00:00,1.04631,1.06506,1.03714,1.05166,433752
2017.01.01,00:00,1.05146,1.06199,1.03395,1.05303,591282
2017.01.08,00:00,1.05292,1.06840,1.04530,1.06384,663779
2017.01.15,00:00,1.06266,1.07186,1.05786,1.07034,643119
2017.01.22,00:00,1.06985,1.07741,1.06569,1.06960,563390
2017.01.29,00:00,1.07135,1.08280,1.06196,1.07845,648802
2017.02.05,00:00,1.07898,1.07898,1.06069,1.06376,546369
2017.02.12,00:00,1.06333,1.06785,1.05205,1.06101,501310
2017.02.19,00:00,1.06068,1.06322,1.04929,1.05565,489814
2017.02.26,00:00,1.05618,1.06296,1.04941,1.06181,552013
2017.03.05,00:00,1.06044,1.06982,1.05242,1.06691,482925
2017.03.12,00:00,1.06829,1.07816,1.05992,1.07356,507420
2017.03.19,00:00,1.07372,1.08239,1.07184,1.08030,471653
2017.03.26,00:00,1.08289,1.09052,1.06508,1.06570,428945
2017.04.02,00:00,1.06609,1.06882,1.05799,1.05906,364260
2017.04.09,00:00,1.05872,1.06768,1.05689,1.06092,409296
2017.04.16,00:00,1.06123,1.07768,1.06019,1.07252,336264
2017.04.23,00:00,1.08997,1.09500,1.08201,1.08984,435634
2017.04.30,00:00,1.08903,1.09982,1.08742,1.09977,364681
2017.05.07,00:00,1.10147,1.10157,1.08382,1.09304,373742
2017.05.14,00:00,1.09309,1.12110,1.09218,1.12054,392913
2017.05.21,00:00,1.11963,1.12673,1.11597,1.11766,381267
2017.05.28,00:00,1.11673,1.12842,1.11089,1.12823,323077
2017.06.04,00:00,1.12700,1.12831,1.11656,1.11947,360347
2017.06.11,00:00,1.12055,1.12949,1.11313,1.11925,355821
2017.06.18,00:00,1.12043,1.12120,1.11181,1.11936,295904
2017.06.25,00:00,1.11948,1.14446,1.11709,1.14185,448022
2017.07.02,00:00,1.14161,1.14389,1.13116,1.13985,381005
2017.07.09,00:00,1.13967,1.14886,1.13696,1.14662,396417
2017.07.16,00:00,1.14669,1.16819,1.14340,1.16622,465420
2017.07.23,00:00,1.16613,1.17759,1.16119,1.17498,493409
2017.07.30,00:00,1.17526,1.19095,1.17224,1.17702,466295
2017.08.06,00:00,1.17723,1.18462,1.16881,1.18221,437529
2017.08.13,00:00,1.18210,1.18375,1.16614,1.17603,465863
2017.08.20,00:00,1.17601,1.19404,1.17302,1.19189,376002
2017.08.27,00:00,1.19421,1.20693,1.18223,1.18621,512444
2017.09.03,00:00,1.18779,1.20914,1.18674,1.20287,575885
2017.09.10,00:00,1.20149,1.20286,1.18373,1.19462,487381
2017.09.17,00:00,1.19240,1.20322,1.18603,1.19467,497654
2017.09.24,00:00,1.18975,1.19356,1.17162,1.18153,494254
2017.10.01,00:00,1.17947,1.18141,1.16686,1.17335,421262
2017.10.08,00:00,1.17358,1.18789,1.17188,1.18193,393428
2017.10.15,00:00,1.18103,1.18572,1.17293,1.17795,445574
2017.10.22,00:00,1.17651,1.18358,1.15732,1.16066,522662
2017.10.29,00:00,1.16035,1.16894,1.15928,1.16081,461550
2017.11.05,00:00,1.16113,1.16772,1.15532,1.16639,460815
2017.11.12,00:00,1.16548,1.18597,1.16366,1.17859,470435
2017.11.19,00:00,1.17854,1.19435,1.17121,1.19293,393656
2017.11.26,00:00,1.19283,1.19604,1.18080,1.18974,521895
2017.12.03,00:00,1.18613,1.18777,1.17295,1.17709,446730
2017.12.10,00:00,1.17647,1.18618,1.17167,1.17497,431746
2017.12.17,00:00,1.17425,1.19009,1.17368,1.18580,468518
2017.12.24,00:00,1.18662,1.20246,1.18458,1.19963,268365
2017.12.31,00:00,1.20282,1.20879,1.20002,1.20282,316476
2018.01.07,00:00,1.20268,1.22175,1.19148,1.21939,554496
2018.01.14,00:00,1.21965,1.23223,1.21638,1.22195,624508
2018.01.21,00:00,1.22643,1.25369,1.22131,1.24230,724005
2018.01.28,00:00,1.24230,1.25218,1.23338,1.24517,761078
2018.02.04,00:00,1.24305,1.24741,1.22046,1.22490,867979
2018.02.11,00:00,1.22436,1.25551,1.22343,1.24087,650443
2018.02.18,00:00,1.24010,1.24343,1.22590,1.22960,594502
2018.02.25,00:00,1.22922,1.23542,1.21540,1.23207,616203
2018.03.04,00:00,1.23316,1.24455,1.22681,1.23041,612124
2018.03.11,00:00,1.23094,1.24119,1.22594,1.22889,511802
2018.03.18,00:00,1.22865,1.23874,1.22388,1.23525,590461
2018.03.25,00:00,1.23509,1.24759,1.22832,1.23257,552236
2018.04.01,00:00,1.23178,1.23441,1.22143,1.22797,538916
2018.04.08,00:00,1.22808,1.23953,1.22594,1.23291,599400
2018.04.15,00:00,1.23235,1.24130,1.22488,1.22886,534521
2018.04.22,00:00,1.22768,1.22888,1.20548,1.21283,557143
2018.04.29,00:00,1.21235,1.21381,1.19099,1.19624,556979
2018.05.06,00:00,1.19548,1.19772,1.18221,1.19388,539922
