1998.06.07,00:00,1.63400,1.64000,1.62500,1.63240,68722
1998.06.14,00:00,1.62980,1.67930,1.62600,1.67480,65761
1998.06.21,00:00,1.67200,1.67770,1.65700,1.66190,60274
1998.06.28,00:00,1.65990,1.67310,1.64460,1.64750,53140
1998.07.05,00:00,1.64140,1.65000,1.62670,1.63290,46986
1998.07.12,00:00,1.63050,1.64700,1.62880,1.64500,43786
1998.07.19,00:00,1.64550,1.66230,1.63700,1.65700,41874
1998.07.26,00:00,1.65700,1.66240,1.62950,1.63270,31136
1998.08.02,00:00,1.63400,1.64210,1.62120,1.62930,42438
1998.08.09,00:00,1.62850,1.63750,1.61470,1.61920,44532
1998.08.16,00:00,1.61920,1.64040,1.60750,1.63680,44767
1998.08.23,00:00,1.63550,1.68520,1.63250,1.68110,42011
1998.08.30,00:00,1.68270,1.69040,1.66040,1.67050,33025
1998.09.06,00:00,1.66930,1.69500,1.65000,1.67280,34217
1998.09.13,00:00,1.67050,1.69440,1.66800,1.68350,85027
1998.09.20,00:00,1.67840,1.70860,1.67050,1.69600,78708
1998.09.27,00:00,1.69750,1.71850,1.69150,1.69920,67309
1998.10.04,00:00,1.70000,1.73670,1.67650,1.71010,72290
1998.10.11,00:00,1.70000,1.71280,1.68620,1.70270,73240
1998.10.18,00:00,1.70230,1.71200,1.68590,1.68760,69526
1998.10.25,00:00,1.68500,1.68890,1.66200,1.67550,60636
1998.11.01,00:00,1.67600,1.67890,1.64970,1.66030,57378
1998.11.08,00:00,1.65750,1.67100,1.65140,1.66300,50402
1998.11.15,00:00,1.66330,1.68060,1.65020,1.65630,46275
1998.11.22,00:00,1.65610,1.66550,1.64400,1.65130,55150
1998.11.29,00:00,1.65370,1.67350,1.64240,1.66620,59248
1998.12.06,00:00,1.66090,1.69230,1.64630,1.69180,66694
1998.12.13,00:00,1.68690,1.69500,1.66620,1.67960,61720
1998.12.20,00:00,1.68350,1.68700,1.66960,1.67190,36631
1998.12.27,00:00,1.67390,1.68600,1.65210,1.66090,30262
1999.01.03,00:00,1.66420,1.67230,1.63580,1.64050,57815
1999.01.10,00:00,1.63950,1.66510,1.62290,1.64990,56716
1999.01.17,00:00,1.65050,1.66310,1.64170,1.65660,50885
1999.01.24,00:00,1.65540,1.66330,1.64150,1.64500,50661
1999.01.31,00:00,1.64660,1.64920,1.62930,1.63310,51562
1999.02.07,00:00,1.63320,1.64340,1.61860,1.63500,51694
1999.02.14,00:00,1.63400,1.64350,1.61980,1.62200,45082
1999.02.21,00:00,1.62280,1.62710,1.59400,1.60380,46813
1999.02.28,00:00,1.59830,1.62300,1.59470,1.60500,56209
1999.03.07,00:00,1.60180,1.64340,1.60020,1.63200,55959
1999.03.14,00:00,1.63100,1.63370,1.61700,1.62860,52977
1999.03.21,00:00,1.62880,1.64850,1.61700,1.62400,55438
1999.03.28,00:00,1.62180,1.62480,1.60080,1.60380,39537
1999.04.04,00:00,1.60390,1.61280,1.58380,1.60870,48821
1999.04.11,00:00,1.60750,1.62150,1.60290,1.61330,54034
1999.04.18,00:00,1.61270,1.62360,1.60380,1.61550,58522
1999.04.25,00:00,1.61390,1.62310,1.60550,1.60950,62709
1999.05.02,00:00,1.60960,1.64400,1.59930,1.62960,71982
1999.05.09,00:00,1.63020,1.63580,1.61320,1.61900,62022
1999.05.16,00:00,1.62100,1.62600,1.59980,1.60060,65539
1999.05.23,00:00,1.60120,1.60600,1.58790,1.60140,57394
1999.05.30,00:00,1.60320,1.61460,1.59800,1.61030,60334
1999.06.06,00:00,1.61070,1.61830,1.59620,1.61700,68983
1999.06.13,00:00,1.61500,1.61680,1.58530,1.59690,71811
1999.06.20,00:00,1.59480,1.59680,1.57380,1.58620,58967
1999.06.27,00:00,1.58700,1.58800,1.56910,1.57870,50083
1999.07.04,00:00,1.57850,1.57940,1.54650,1.54870,47946
1999.07.11,00:00,1.55030,1.57080,1.54800,1.56230,49300
1999.07.18,00:00,1.56270,1.58770,1.55660,1.57780,45114
1999.07.25,00:00,1.57850,1.62550,1.57800,1.62150,51718
1999.08.01,00:00,1.62060,1.62860,1.60730,1.60840,67525
1999.08.08,00:00,1.60900,1.61950,1.60080,1.60450,70190
1999.08.15,00:00,1.60520,1.62270,1.59500,1.61530,65007
1999.08.22,00:00,1.61560,1.61860,1.58040,1.58800,81822
1999.08.29,00:00,1.58880,1.61620,1.58500,1.60200,67339
1999.09.05,00:00,1.60250,1.63790,1.59900,1.61850,70626
1999.09.12,00:00,1.61940,1.62700,1.59820,1.62350,74336
1999.09.19,00:00,1.62340,1.64770,1.61950,1.64180,76056
1999.09.26,00:00,1.64060,1.65750,1.63900,1.65490,76742
1999.10.03,00:00,1.65490,1.66080,1.64680,1.65140,73785
1999.10.10,00:00,1.65170,1.67320,1.64910,1.66850,72498
1999.10.17,00:00,1.66890,1.68020,1.65250,1.65800,70705
1999.10.24,00:00,1.65700,1.66530,1.63220,1.64490,78546
1999.10.31,00:00,1.64450,1.65220,1.61540,1.61850,82867
1999.11.07,00:00,1.62070,1.62970,1.60950,1.61650,71651
1999.11.14,00:00,1.61550,1.62960,1.61180,1.61950,74997
1999.11.21,00:00,1.61950,1.62860,1.60170,1.60600,77809
1999.11.28,00:00,1.60610,1.60930,1.59080,1.60200,49475
1999.12.05,00:00,1.60180,1.63150,1.59860,1.62150,54240
1999.12.12,00:00,1.62170,1.62660,1.60000,1.60350,56913
1999.12.19,00:00,1.60480,1.62350,1.60150,1.61610,61322
1999.12.26,00:00,1.61610,1.62250,1.61000,1.61530,26913
2000.01.02,00:00,1.61490,1.65170,1.61400,1.63880,67437
2000.01.09,00:00,1.63880,1.65160,1.63240,1.63300,82828
2000.01.16,00:00,1.63350,1.66370,1.62920,1.64950,98788
2000.01.23,00:00,1.64790,1.65800,1.61500,1.61850,102450
2000.01.30,00:00,1.62060,1.63000,1.58260,1.59200,98074
2000.02.06,00:00,1.59150,1.61750,1.58800,1.59760,92154
2000.02.13,00:00,1.58950,1.61440,1.58410,1.60150,26610
2000.02.20,00:00,1.59910,1.62000,1.58800,1.59360,70837
2000.02.27,00:00,1.59210,1.60000,1.56000,1.57860,77151
2000.03.05,00:00,1.58000,1.58800,1.56880,1.57650,18915
2000.03.12,00:00,1.57720,1.58380,1.56770,1.57470,64687
2000.03.19,00:00,1.57380,1.59640,1.56110,1.59550,91202
2000.03.26,00:00,1.59210,1.60110,1.58050,1.59430,76177
2000.04.02,00:00,1.59290,1.59960,1.57380,1.57970,72897
2000.04.09,00:00,1.57980,1.59380,1.57600,1.58850,63156
2000.04.16,00:00,1.58940,1.59190,1.57090,1.58130,72184
2000.04.23,00:00,1.57800,1.58300,1.55080,1.55380,71811
2000.04.30,00:00,1.55340,1.56800,1.52430,1.52960,20006
2000.05.07,00:00,1.52870,1.54530,1.49250,1.51740,79967
2000.05.14,00:00,1.52100,1.52150,1.47440,1.48700,79622
2000.05.21,00:00,1.48670,1.49750,1.46620,1.47270,52165
2000.05.28,00:00,1.48780,1.51380,1.48460,1.51010,57864
2000.06.04,00:00,1.51120,1.53170,1.50010,1.50900,75409
2000.06.11,00:00,1.50890,1.51890,1.49540,1.51550,70055
2000.06.18,00:00,1.51500,1.52050,1.49410,1.50100,78379
2000.06.25,00:00,1.50090,1.52160,1.49320,1.51680,49492
2000.07.02,00:00,1.51610,1.52040,1.50350,1.51360,59033
2000.07.09,00:00,1.51350,1.52010,1.49670,1.50260,833
2000.07.16,00:00,1.50010,1.52050,1.49030,1.51750,914
2000.07.23,00:00,1.51730,1.52280,1.49820,1.50280,933
2000.07.30,00:00,1.50230,1.50820,1.48200,1.50590,1225
2000.08.06,00:00,1.50440,1.51470,1.49480,1.50130,884
2000.08.13,00:00,1.50200,1.51480,1.48780,1.49050,844
2000.08.20,00:00,1.48970,1.49410,1.46840,1.46960,870
2000.08.27,00:00,1.47060,1.47420,1.44170,1.46460,1039
2000.09.03,00:00,1.46260,1.46650,1.41360,1.41500,1077
2000.09.10,00:00,1.41310,1.42500,1.39460,1.39750,1634
2000.09.17,00:00,1.39850,1.47610,1.39540,1.45390,1603
2000.09.24,00:00,1.45630,1.48060,1.44980,1.47670,1038
2000.10.01,00:00,1.47600,1.47880,1.44160,1.44630,998
2000.10.08,00:00,1.44700,1.48090,1.44460,1.45280,1149
2000.10.15,00:00,1.45160,1.46190,1.43400,1.45180,1296
2000.10.22,00:00,1.45260,1.45860,1.41870,1.45570,1280
2000.10.29,00:00,1.45400,1.46810,1.43920,1.45090,1286
2000.11.05,00:00,1.44900,1.45320,1.41270,1.42830,1368
2000.11.12,00:00,1.42630,1.44330,1.41980,1.42330,1076
2000.11.19,00:00,1.42220,1.43010,1.39580,1.40010,1174
2000.11.26,00:00,1.40040,1.44540,1.39970,1.44240,1147
2000.12.03,00:00,1.43940,1.45650,1.42940,1.45170,1173
2000.12.10,00:00,1.44610,1.47900,1.44260,1.47630,1101
2000.12.17,00:00,1.47330,1.48470,1.46040,1.47700,1385
2000.12.24,00:00,1.47100,1.49880,1.47100,1.49350,928
2000.12.31,00:00,1.49590,1.51020,1.48790,1.50460,1106
2001.01.07,00:00,1.50340,1.51090,1.47540,1.47800,1268
2001.01.14,00:00,1.47820,1.48100,1.46200,1.46310,1003
2001.01.21,00:00,1.46350,1.47490,1.44580,1.46220,1335
2001.01.28,00:00,1.46150,1.48430,1.45500,1.46950,1012
2001.02.04,00:00,1.46880,1.47870,1.43690,1.44510,1127
2001.02.11,00:00,1.44460,1.46180,1.44350,1.44880,1103
2001.02.18,00:00,1.44720,1.45620,1.43110,1.45550,1230
2001.02.25,00:00,1.45330,1.47710,1.43870,1.46810,1186
2001.03.04,00:00,1.46940,1.47570,1.45720,1.47020,950
2001.03.11,00:00,1.46630,1.47040,1.42480,1.43310,1180
2001.03.18,00:00,1.43110,1.43980,1.41740,1.42570,1051
2001.03.25,00:00,1.42750,1.44320,1.41470,1.41960,1058
2001.04.01,00:00,1.41430,1.44160,1.41360,1.43980,44150
2001.04.08,00:00,1.44040,1.45060,1.42700,1.43610,51043
2001.04.15,00:00,1.43620,1.44910,1.41860,1.44130,58071
2001.04.22,00:00,1.44210,1.44810,1.43120,1.43840,67403
2001.04.29,00:00,1.43510,1.44560,1.42630,1.43930,61580
2001.05.06,00:00,1.43770,1.44200,1.41310,1.41900,65269
2001.05.13,00:00,1.41940,1.44090,1.41540,1.43950,70440
2001.05.20,00:00,1.43940,1.44230,1.40720,1.42280,73961
2001.05.27,00:00,1.42220,1.42830,1.41150,1.41850,58659
2001.06.03,00:00,1.41880,1.42200,1.37710,1.37850,64547
2001.06.10,00:00,1.38240,1.41130,1.36810,1.40320,67842
2001.06.17,00:00,1.40430,1.42000,1.39040,1.41330,73711
2001.06.24,00:00,1.41230,1.42340,1.40290,1.41620,67661
2001.07.01,00:00,1.41620,1.41890,1.39620,1.41200,53834
2001.07.08,00:00,1.41080,1.41950,1.39770,1.40450,51895
2001.07.15,00:00,1.40320,1.43600,1.39310,1.42800,43879
2001.07.22,00:00,1.42400,1.43200,1.41540,1.42370,47724
2001.07.29,00:00,1.42270,1.43640,1.42050,1.42930,43330
2001.08.05,00:00,1.42830,1.42920,1.41220,1.42320,49457
2001.08.12,00:00,1.42360,1.45250,1.41620,1.44510,51101
2001.08.19,00:00,1.44510,1.45940,1.44050,1.44280,51252
2001.08.26,00:00,1.44330,1.46290,1.43700,1.45420,43336
2001.09.02,00:00,1.45270,1.46400,1.44040,1.46100,45864
2001.09.09,00:00,1.46100,1.47940,1.45300,1.47220,41136
2001.09.16,00:00,1.47410,1.47870,1.45130,1.45670,59398
2001.09.23,00:00,1.45560,1.47780,1.45270,1.47440,56413
2001.09.30,00:00,1.47250,1.48480,1.46170,1.48420,56241
2001.10.07,00:00,1.48320,1.48370,1.43980,1.45190,44440
2001.10.14,00:00,1.45200,1.45460,1.43220,1.43320,50752
2001.10.21,00:00,1.43410,1.43790,1.41940,1.43650,48122
2001.10.28,00:00,1.43630,1.46870,1.43600,1.46270,45231
2001.11.04,00:00,1.46170,1.46780,1.44740,1.45810,42899
2001.11.11,00:00,1.45650,1.46240,1.42620,1.42740,43572
2001.11.18,00:00,1.42790,1.42880,1.40390,1.40950,100273
2001.11.25,00:00,1.41060,1.43020,1.40600,1.42390,111063
2001.12.02,00:00,1.42340,1.43410,1.41370,1.43360,104935
2001.12.09,00:00,1.43270,1.45720,1.42690,1.45280,94860
2001.12.16,00:00,1.45390,1.46140,1.43430,1.44020,93388
2001.12.23,00:00,1.44070,1.45580,1.43240,1.45060,49550
2001.12.30,00:00,1.44990,1.45660,1.43600,1.44610,60250
2002.01.06,00:00,1.44740,1.45000,1.43370,1.44840,95046
2002.01.13,00:00,1.44990,1.45310,1.42970,1.43800,85670
2002.01.20,00:00,1.43730,1.44260,1.40600,1.40900,48396
2002.01.27,00:00,1.40850,1.41880,1.40410,1.41730,40027
2002.02.03,00:00,1.41440,1.42500,1.40660,1.41490,61205
2002.02.10,00:00,1.41320,1.43630,1.41300,1.43160,56841
2002.02.17,00:00,1.43200,1.43470,1.42220,1.43270,48543
2002.02.24,00:00,1.43180,1.43310,1.41070,1.41870,76778
2002.03.03,00:00,1.41900,1.43140,1.41550,1.42270,65965
2002.03.10,00:00,1.42130,1.42740,1.40870,1.42440,75620
2002.03.17,00:00,1.42330,1.43290,1.41930,1.42580,74745
2002.03.24,00:00,1.42480,1.42900,1.42120,1.42590,69777
2002.03.31,00:00,1.42540,1.44330,1.42470,1.43340,75237
2002.04.07,00:00,1.43070,1.44070,1.42870,1.43610,75164
2002.04.14,00:00,1.43630,1.45020,1.43410,1.44760,71243
2002.04.21,00:00,1.44670,1.45830,1.44530,1.45830,65415
2002.04.28,00:00,1.45740,1.47050,1.45470,1.46920,72609
2002.05.05,00:00,1.46810,1.47000,1.45310,1.46400,62225
2002.05.12,00:00,1.46320,1.46530,1.44610,1.45800,85956
2002.05.19,00:00,1.45940,1.46360,1.45060,1.45790,81347
2002.05.26,00:00,1.45690,1.46890,1.45360,1.45420,73670
2002.06.02,00:00,1.45710,1.46690,1.45310,1.45990,81240
2002.06.09,00:00,1.45950,1.48020,1.45490,1.47730,78494
2002.06.16,00:00,1.47650,1.50200,1.47480,1.49750,79183
2002.06.23,00:00,1.49630,1.53830,1.49450,1.53320,99029
2002.06.30,00:00,1.53230,1.53670,1.51480,1.52210,87888
2002.07.07,00:00,1.52420,1.55840,1.52300,1.55350,90629
2002.07.14,00:00,1.55140,1.58580,1.55100,1.57730,93867
2002.07.21,00:00,1.57530,1.58660,1.55530,1.56480,103059
2002.07.28,00:00,1.56520,1.57490,1.54690,1.57020,89809
2002.08.04,00:00,1.56970,1.57150,1.52080,1.52390,90955
2002.08.11,00:00,1.52340,1.54720,1.52260,1.53870,81982
2002.08.18,00:00,1.53960,1.54470,1.51600,1.52060,77952
2002.08.25,00:00,1.52070,1.55500,1.51790,1.55080,37950
2002.09.01,00:00,1.54920,1.57330,1.54610,1.55950,89751
2002.09.08,00:00,1.55880,1.56570,1.54720,1.55150,88085
2002.09.15,00:00,1.55090,1.55980,1.52820,1.55470,102828
2002.09.22,00:00,1.55470,1.56720,1.54790,1.56110,95734
2002.09.29,00:00,1.56080,1.57670,1.56000,1.56580,26920
2002.10.06,00:00,1.56460,1.56940,1.55040,1.56190,25484
2002.10.13,00:00,1.56200,1.56720,1.54290,1.54610,28188
2002.10.20,00:00,1.54610,1.55690,1.54090,1.55070,25098
2002.10.27,00:00,1.54820,1.56800,1.54490,1.56480,22600
2002.11.03,00:00,1.56420,1.59310,1.55240,1.59170,24480
2002.11.10,00:00,1.59030,1.59700,1.57280,1.58040,24488
2002.11.17,00:00,1.58090,1.59160,1.57030,1.58100,25137
2002.11.24,00:00,1.57810,1.57860,1.54110,1.55760,24689
2002.12.01,00:00,1.55630,1.57990,1.54280,1.57640,26494
2002.12.08,00:00,1.57810,1.59110,1.56810,1.58950,24696
2002.12.15,00:00,1.58900,1.60650,1.58640,1.60340,23972
2002.12.22,00:00,1.60230,1.60650,1.58640,1.60390,14105
2002.12.29,00:00,1.60330,1.61360,1.59060,1.61070,17847
2003.01.05,00:00,1.60880,1.61670,1.59640,1.60770,25758
2003.01.12,00:00,1.60900,1.62000,1.59560,1.61360,27008
2003.01.19,00:00,1.61180,1.63630,1.60170,1.63340,26720
2003.01.26,00:00,1.63340,1.65760,1.62780,1.64710,27857
2003.02.02,00:00,1.64710,1.65760,1.62340,1.63210,29353
2003.02.09,00:00,1.63150,1.63560,1.60990,1.61530,29579
2003.02.16,00:00,1.61180,1.61220,1.57690,1.57870,32562
2003.02.23,00:00,1.57610,1.58930,1.57040,1.57340,34556
2003.03.02,00:00,1.57400,1.60980,1.57040,1.60290,36784
2003.03.09,00:00,1.60250,1.61600,1.57040,1.58270,35647
2003.03.16,00:00,1.58770,1.59090,1.55380,1.56290,38031
2003.03.23,00:00,1.56460,1.57990,1.56080,1.57410,32178
2003.03.30,00:00,1.57450,1.58420,1.55880,1.56080,27283
2003.04.06,00:00,1.55550,1.57440,1.54590,1.57070,26310
2003.04.13,00:00,1.57050,1.58480,1.56700,1.57110,23220
2003.04.20,00:00,1.57260,1.59830,1.55830,1.59180,38112
2003.04.27,00:00,1.59340,1.61380,1.58590,1.60350,39978
2003.05.04,00:00,1.60370,1.61910,1.59010,1.60410,38604
2003.05.11,00:00,1.60840,1.62990,1.60400,1.62270,38118
2003.05.18,00:00,1.62770,1.64750,1.62490,1.63610,41390
2003.05.25,00:00,1.63360,1.65500,1.63070,1.63550,36753
2003.06.01,00:00,1.62630,1.67140,1.62350,1.66260,46480
2003.06.08,00:00,1.65850,1.67940,1.64180,1.67090,45436
2003.06.15,00:00,1.67450,1.69090,1.65820,1.66420,48197
2003.06.22,00:00,1.66080,1.68020,1.64540,1.64940,42547
2003.06.29,00:00,1.64920,1.67490,1.64550,1.66750,34903
2003.07.06,00:00,1.66690,1.66860,1.62150,1.63070,42729
2003.07.13,00:00,1.63000,1.63060,1.58240,1.59050,47809
2003.07.20,00:00,1.57980,1.62400,1.57750,1.62140,53705
2003.07.27,00:00,1.61930,1.63140,1.60020,1.61130,43168
2003.08.03,00:00,1.61130,1.61930,1.60060,1.60460,40778
2003.08.10,00:00,1.60310,1.61420,1.59230,1.59720,83607
2003.08.17,00:00,1.59830,1.59920,1.57010,1.57510,87310
2003.08.24,00:00,1.57410,1.58380,1.56170,1.57800,73055
2003.08.31,00:00,1.57890,1.59130,1.56090,1.58840,26209
2003.09.07,00:00,1.58670,1.60750,1.57810,1.60310,23405
2003.09.14,00:00,1.60480,1.63810,1.58500,1.63700,31224
2003.09.21,00:00,1.63720,1.66340,1.63700,1.65910,31194
2003.09.28,00:00,1.65760,1.67650,1.64500,1.66390,41270
2003.10.05,00:00,1.66140,1.67810,1.65600,1.66370,39692
2003.10.12,00:00,1.66460,1.68210,1.65330,1.67870,41212
2003.10.19,00:00,1.67950,1.69990,1.66840,1.69530,34115
2003.10.26,00:00,1.69550,1.70810,1.68720,1.69550,40348
2003.11.02,00:00,1.69570,1.69820,1.65650,1.67620,43345
2003.11.09,00:00,1.67320,1.69120,1.66330,1.68790,37579
2003.11.16,00:00,1.68980,1.70910,1.68560,1.70450,44321
2003.11.23,00:00,1.70540,1.72450,1.69270,1.72200,35920
2003.11.30,00:00,1.72180,1.73240,1.71660,1.72960,33480
2003.12.07,00:00,1.73040,1.75140,1.72670,1.74560,35449
2003.12.14,00:00,1.73610,1.77450,1.73540,1.76530,37797
2003.12.21,00:00,1.76510,1.77660,1.75970,1.77130,18435
2003.12.28,00:00,1.77220,1.79530,1.77000,1.79340,22965
2004.01.04,00:00,1.79350,1.84990,1.79290,1.84770,44513
2004.01.11,00:00,1.84720,1.85810,1.79290,1.79900,51299
2004.01.18,00:00,1.79820,1.85260,1.78230,1.82620,52521
2004.01.25,00:00,1.82610,1.83860,1.80170,1.82400,59024
2004.02.01,00:00,1.82430,1.85210,1.81350,1.84780,47410
2004.02.08,00:00,1.84300,1.89910,1.84160,1.88490,48807
2004.02.15,00:00,1.88490,1.91450,1.84160,1.86130,50051
2004.02.22,00:00,1.86090,1.89500,1.84540,1.86850,54550
2004.02.29,00:00,1.86720,1.87520,1.81550,1.84620,58912
2004.03.07,00:00,1.84660,1.85910,1.79050,1.80300,64553
2004.03.14,00:00,1.79980,1.84090,1.79400,1.83350,55345
2004.03.21,00:00,1.83350,1.85420,1.79880,1.81630,53982
2004.03.28,00:00,1.81340,1.86080,1.80550,1.83060,51815
2004.04.04,00:00,1.82890,1.84710,1.81050,1.83440,45935
2004.04.11,00:00,1.83310,1.84270,1.77600,1.79800,54156
2004.04.18,00:00,1.79750,1.81490,1.76230,1.77130,56576
2004.04.25,00:00,1.77130,1.79760,1.75800,1.77820,55354
2004.05.02,00:00,1.77940,1.80450,1.76880,1.78640,46004
2004.05.09,00:00,1.78600,1.78700,1.74790,1.76070,51031
2004.05.16,00:00,1.76070,1.79600,1.75690,1.78740,50415
2004.05.23,00:00,1.78920,1.84260,1.78190,1.83310,50815
2004.05.30,00:00,1.83480,1.84890,1.82760,1.84030,43368
2004.06.06,00:00,1.84130,1.84810,1.81580,1.81950,44665
2004.06.13,00:00,1.81650,1.84060,1.80410,1.83860,65498
2004.06.20,00:00,1.83860,1.84120,1.81000,1.82670,49900
2004.06.27,00:00,1.82630,1.83580,1.80100,1.83070,59100
2004.07.04,00:00,1.83170,1.86180,1.82690,1.85930,55725
2004.07.11,00:00,1.85990,1.87570,1.84740,1.87300,61188
2004.07.18,00:00,1.87430,1.87720,1.82980,1.83170,68960
2004.07.25,00:00,1.83190,1.84480,1.80830,1.81960,76723
2004.08.01,00:00,1.82320,1.84680,1.81470,1.84120,68609
2004.08.08,00:00,1.84330,1.84570,1.81310,1.84340,59269
2004.08.15,00:00,1.84430,1.84670,1.81600,1.82020,62719
2004.08.22,00:00,1.81970,1.82000,1.78830,1.79070,64171
2004.08.29,00:00,1.79070,1.80680,1.77350,1.77640,57214
2004.09.05,00:00,1.77530,1.80290,1.77070,1.79640,55039
2004.09.12,00:00,1.79860,1.80380,1.77380,1.79300,60056
2004.09.19,00:00,1.79220,1.80930,1.78140,1.80590,53247
2004.09.26,00:00,1.80590,1.81650,1.79300,1.79860,66418
2004.10.03,00:00,1.79770,1.79830,1.77440,1.79440,58931
2004.10.10,00:00,1.79450,1.80690,1.78390,1.80410,54534
2004.10.17,00:00,1.80380,1.83190,1.79210,1.82810,62790
2004.10.24,00:00,1.83030,1.84530,1.81930,1.83720,68953
2004.10.31,00:00,1.83890,1.85640,1.82960,1.85610,68000
2004.11.07,00:00,1.85660,1.86200,1.83760,1.85640,62020
2004.11.14,00:00,1.85560,1.86410,1.84380,1.85720,60670
2004.11.21,00:00,1.85820,1.90400,1.85190,1.89390,57404
2004.11.28,00:00,1.89190,1.94470,1.88480,1.94370,64787
2004.12.05,00:00,1.94270,1.95100,1.90120,1.91470,65839
2004.12.12,00:00,1.90990,1.95540,1.90920,1.94170,72145
2004.12.19,00:00,1.94400,1.95090,1.90980,1.92340,51085
2004.12.26,00:00,1.92320,1.94200,1.91180,1.91860,41592
2005.01.02,00:00,1.91900,1.92060,1.86450,1.87110,74942
2005.01.09,00:00,1.87030,1.89410,1.86370,1.87090,76514
2005.01.16,00:00,1.87040,1.88300,1.85230,1.87690,76336
2005.01.23,00:00,1.87850,1.89190,1.86260,1.88810,68339
2005.01.30,00:00,1.88530,1.89240,1.87290,1.87550,64139
2005.02.06,00:00,1.87200,1.87550,1.85060,1.86850,61829
2005.02.13,00:00,1.86950,1.89790,1.86750,1.89420,65672
2005.02.20,00:00,1.89320,1.91990,1.89060,1.91950,54836
2005.02.27,00:00,1.91710,1.92760,1.90470,1.92250,34148
2005.03.06,00:00,1.92300,1.93300,1.91130,1.92420,48818
2005.03.13,00:00,1.92660,1.92950,1.90970,1.92210,36691
2005.03.20,00:00,1.91970,1.92040,1.86600,1.87080,34685
2005.03.27,00:00,1.87060,1.89820,1.85920,1.88110,38159
2005.04.03,00:00,1.87800,1.88610,1.86700,1.88570,37017
2005.04.10,00:00,1.88570,1.89790,1.87570,1.89280,40822
2005.04.17,00:00,1.89370,1.92190,1.88820,1.91410,47007
2005.04.24,00:00,1.91680,1.91760,1.89870,1.90860,49408
2005.05.01,00:00,1.90650,1.90800,1.88840,1.89060,34599
2005.05.08,00:00,1.89060,1.89140,1.84810,1.85060,39616
2005.05.15,00:00,1.85070,1.85110,1.82320,1.82720,49399
2005.05.22,00:00,1.82520,1.83600,1.81860,1.82450,64599
2005.05.29,00:00,1.82430,1.82590,1.80760,1.81580,68676
2005.06.05,00:00,1.81340,1.84070,1.81090,1.81240,68253
2005.06.12,00:00,1.81200,1.83120,1.79990,1.83070,64874
2005.06.19,00:00,1.82470,1.83330,1.81220,1.82450,79819
2005.06.26,00:00,1.82310,1.83150,1.76720,1.76750,80428
2005.07.03,00:00,1.76010,1.76560,1.73060,1.73810,81340
2005.07.10,00:00,1.73680,1.77900,1.73560,1.75210,82508
2005.07.17,00:00,1.75010,1.76180,1.72720,1.73880,88984
2005.07.24,00:00,1.73780,1.76160,1.73300,1.75780,80065
2005.07.31,00:00,1.75610,1.78350,1.75390,1.77940,59522
2005.08.07,00:00,1.77640,1.81790,1.77260,1.81430,65453
2005.08.14,00:00,1.81640,1.81660,1.78900,1.79460,61965
2005.08.21,00:00,1.79660,1.81020,1.79050,1.80000,65367
2005.08.28,00:00,1.80180,1.84500,1.78210,1.84190,72377
2005.09.04,00:00,1.83970,1.84970,1.83180,1.83900,46052
2005.09.11,00:00,1.84120,1.84260,1.80200,1.80800,41675
2005.09.18,00:00,1.80260,1.81460,1.77570,1.77760,42753
2005.09.25,00:00,1.77200,1.77960,1.75650,1.76350,40857
2005.10.02,00:00,1.76190,1.78110,1.75130,1.76050,43888
2005.10.09,00:00,1.76000,1.77040,1.73920,1.76980,36385
2005.10.16,00:00,1.76730,1.77970,1.74220,1.76750,40214
2005.10.23,00:00,1.76570,1.79000,1.76330,1.77350,38997
2005.10.30,00:00,1.77380,1.78210,1.74550,1.75200,36649
2005.11.06,00:00,1.74580,1.75170,1.73290,1.74220,35881
2005.11.13,00:00,1.74200,1.74940,1.70980,1.71760,40463
2005.11.20,00:00,1.71670,1.72850,1.70660,1.71410,35614
2005.11.27,00:00,1.71230,1.73750,1.70500,1.73330,40847
2005.12.04,00:00,1.73120,1.75640,1.72710,1.75470,36177
2005.12.11,00:00,1.75040,1.78060,1.75020,1.77190,44956
2005.12.18,00:00,1.76920,1.77300,1.73050,1.73460,40578
2005.12.25,00:00,1.73300,1.74070,1.71340,1.72030,29177
2006.01.01,00:00,1.72100,1.77210,1.71860,1.77040,39653
2006.01.08,00:00,1.76780,1.77780,1.75190,1.77560,44598
2006.01.15,00:00,1.77670,1.77950,1.75270,1.77090,44506
2006.01.22,00:00,1.77140,1.79320,1.76660,1.76770,44721
2006.01.29,00:00,1.76890,1.78550,1.75920,1.76160,47797
2006.02.05,00:00,1.76230,1.76400,1.73730,1.74350,55728
2006.02.12,00:00,1.74320,1.74870,1.72780,1.74140,49851
2006.02.19,00:00,1.74100,1.75540,1.73740,1.74400,47410
2006.02.26,00:00,1.74330,1.75920,1.73740,1.75380,49409
2006.03.05,00:00,1.75620,1.76230,1.72290,1.72660,51915
2006.03.12,00:00,1.72600,1.75930,1.72310,1.75660,48727
2006.03.19,00:00,1.75550,1.75840,1.73070,1.74320,43092
2006.03.26,00:00,1.74270,1.75330,1.73150,1.73630,47102
2006.04.02,00:00,1.73690,1.76140,1.72490,1.74360,52715
2006.04.09,00:00,1.74260,1.75710,1.73750,1.75090,37850
2006.04.16,00:00,1.75310,1.79340,1.75310,1.78240,43789
2006.04.23,00:00,1.78690,1.82450,1.77950,1.82350,51994
2006.04.30,00:00,1.82340,1.86220,1.82040,1.85830,51391
2006.05.07,00:00,1.86250,1.89960,1.85130,1.89470,59540
2006.05.14,00:00,1.89660,1.90230,1.86990,1.87770,62546
2006.05.21,00:00,1.87650,1.88850,1.85290,1.85650,59608
2006.05.28,00:00,1.85750,1.88650,1.85620,1.88330,49626
2006.06.04,00:00,1.88340,1.88770,1.83650,1.84060,51539
2006.06.11,00:00,1.83920,1.85560,1.83160,1.84950,54454
2006.06.18,00:00,1.85150,1.85310,1.81290,1.81800,48339
2006.06.25,00:00,1.81860,1.84990,1.80860,1.84900,54340
2006.07.02,00:00,1.84720,1.85390,1.83230,1.85140,41739
2006.07.09,00:00,1.84990,1.85200,1.83080,1.83760,43122
2006.07.16,00:00,1.83750,1.85970,1.81740,1.85870,44579
2006.07.23,00:00,1.85910,1.86750,1.83830,1.86270,42779
2006.07.30,00:00,1.86260,1.91270,1.86160,1.90810,47831
2006.08.06,00:00,1.90730,1.91420,1.88660,1.89050,42166
2006.08.13,00:00,1.88990,1.90240,1.87750,1.88160,35761
2006.08.20,00:00,1.88170,1.89950,1.88150,1.88710,40334
2006.08.27,00:00,1.88720,1.90900,1.88600,1.90600,37665
2006.09.03,00:00,1.90640,1.90790,1.86240,1.86510,38972
2006.09.10,00:00,1.86500,1.89180,1.86010,1.88030,42424
2006.09.17,00:00,1.87770,1.90610,1.87340,1.90070,47719
2006.09.24,00:00,1.90050,1.90710,1.86330,1.87210,45342
2006.10.01,00:00,1.87460,1.88970,1.86720,1.87070,45509
2006.10.08,00:00,1.86880,1.87110,1.85150,1.85610,47110
2006.10.15,00:00,1.85510,1.88580,1.85210,1.88340,50855
2006.10.22,00:00,1.88280,1.90030,1.86720,1.89660,43498
2006.10.29,00:00,1.89620,1.91330,1.89540,1.90060,44285
2006.11.05,00:00,1.90150,1.91780,1.89470,1.91060,36082
2006.11.12,00:00,1.91200,1.91520,1.88340,1.89460,36254
2006.11.19,00:00,1.89440,1.93500,1.89320,1.93130,27247
2006.11.26,00:00,1.93230,1.98460,1.93050,1.97960,47770
2006.12.03,00:00,1.98330,1.98380,1.95140,1.95310,40155
2006.12.10,00:00,1.95320,1.97270,1.94630,1.95160,38078
2006.12.17,00:00,1.95270,1.97470,1.94330,1.95930,32039
2006.12.24,00:00,1.95750,1.97400,1.95140,1.95790,25230
2006.12.31,00:00,1.96570,1.97500,1.92630,1.92990,30716
2007.01.07,00:00,1.93000,1.96060,1.92600,1.95840,36873
2007.01.14,00:00,1.95920,1.97770,1.95710,1.97340,32520
2007.01.21,00:00,1.97330,1.99130,1.95580,1.95900,35269
2007.01.28,00:00,1.96100,1.97460,1.94800,1.96710,32405
2007.02.04,00:00,1.96480,1.97320,1.94570,1.95030,27156
2007.02.11,00:00,1.95190,1.96770,1.94000,1.95010,37065
2007.02.18,00:00,1.95420,1.96510,1.94290,1.96330,29930
2007.02.25,00:00,1.96420,1.96730,1.94110,1.94330,41983
2007.03.04,00:00,1.94440,1.94470,1.91790,1.93190,43497
2007.03.11,00:00,1.93430,1.95050,1.92100,1.94210,38037
2007.03.18,00:00,1.94030,1.97260,1.93950,1.96150,40112
2007.03.25,00:00,1.96010,1.97200,1.95450,1.96790,41719
2007.04.01,00:00,1.96930,1.98240,1.96360,1.96530,29652
2007.04.08,00:00,1.96510,1.98870,1.95910,1.98620,35241
2007.04.15,00:00,1.98680,2.01320,1.98620,2.00220,38401
2007.04.22,00:00,2.00550,2.00610,1.98640,1.99750,36867
2007.04.29,00:00,1.99650,2.00730,1.98430,1.99210,37251
2007.05.06,00:00,1.99400,1.99990,1.97620,1.98120,34568
2007.05.13,00:00,1.98170,1.98730,1.97000,1.97460,32481
2007.05.20,00:00,1.97450,1.98950,1.96760,1.98370,31836
2007.05.27,00:00,1.98380,1.98990,1.97330,1.98230,31129
2007.06.03,00:00,1.98200,1.99680,1.96210,1.96990,33261
2007.06.10,00:00,1.96910,1.97830,1.96500,1.97610,35224
2007.06.17,00:00,1.97600,1.99960,1.97560,1.99920,28813
2007.06.24,00:00,1.99930,2.00860,1.99280,2.00860,30280
2007.07.01,00:00,2.00840,2.02060,2.00560,2.01070,30546
2007.07.08,00:00,2.01170,2.03650,2.00960,2.03410,36231
2007.07.15,00:00,2.03420,2.05860,2.03240,2.05610,35091
2007.07.22,00:00,2.05560,2.06520,2.02310,2.02400,48622
2007.07.29,00:00,2.02060,2.04600,2.01820,2.04080,46765
2007.08.05,00:00,2.04230,2.04620,2.01540,2.02310,56150
2007.08.12,00:00,2.02180,2.02590,1.96520,1.98110,74087
2007.08.19,00:00,1.98100,2.01480,1.97430,2.01410,54117
2007.08.26,00:00,2.01340,2.02320,1.99590,2.01700,53594
2007.09.02,00:00,2.01660,2.03230,2.00420,2.02860,45043
2007.09.09,00:00,2.02800,2.03650,2.00540,2.00730,50035
2007.09.16,00:00,2.00600,2.02120,1.98790,2.02020,53580
2007.09.23,00:00,2.02090,2.04890,2.00850,2.04730,50193
2007.09.30,00:00,2.04700,2.04920,2.02780,2.04220,46713
2007.10.07,00:00,2.04140,2.04750,2.02440,2.03590,42522
2007.10.14,00:00,2.03500,2.05230,2.02850,2.05160,46545
2007.10.21,00:00,2.05360,2.05720,2.02570,2.05240,52655
2007.10.28,00:00,2.05480,2.08970,2.05280,2.08940,50037
2007.11.04,00:00,2.08870,2.11610,2.07810,2.09020,60814
2007.11.11,00:00,2.08280,2.08700,2.03520,2.05440,68992
2007.11.18,00:00,2.05340,2.07620,2.04500,2.06270,55875
2007.11.25,00:00,2.06180,2.08300,2.05320,2.05770,59306
2007.12.02,00:00,2.05630,2.06770,2.01790,2.03030,57638
2007.12.09,00:00,2.03200,2.05770,2.01460,2.01740,56125
2007.12.16,00:00,2.01640,2.02260,1.98080,1.98360,58150
2007.12.23,00:00,1.98340,2.00190,1.97550,1.99590,27263
2007.12.30,00:00,1.99700,2.00960,1.96730,1.97410,40008
2008.01.06,00:00,1.97360,1.98270,1.94810,1.95650,63617
2008.01.13,00:00,1.95940,1.97890,1.95120,1.95530,72786
2008.01.20,00:00,1.95710,1.98470,1.93370,1.98300,90736
2008.01.27,00:00,1.98330,1.99570,1.96460,1.96500,63245
2008.02.03,00:00,1.96440,1.97860,1.93860,1.94580,62449
2008.02.10,00:00,1.94640,1.97370,1.94000,1.96120,58862
2008.02.17,00:00,1.95720,1.97070,1.93610,1.96680,60072
2008.02.24,00:00,1.96870,1.99710,1.96160,1.98910,65902
2008.03.02,00:00,1.98620,2.02150,1.97200,2.01330,68330
2008.03.09,00:00,2.01960,2.03910,1.99940,2.01930,73182
2008.03.16,00:00,2.01670,2.02710,1.97360,1.98190,92110
2008.03.23,00:00,1.98020,2.01930,1.97580,1.99440,65565
2008.03.30,00:00,1.99540,2.00490,1.97300,1.99330,76862
2008.04.06,00:00,1.99390,1.99400,1.96500,1.96910,65194
2008.04.13,00:00,1.96610,1.99980,1.95990,1.99780,74499
2008.04.20,00:00,1.99790,2.00290,1.96760,1.98580,74600
2008.04.27,00:00,1.98370,1.99650,1.96240,1.97170,70075
2008.05.04,00:00,1.97320,1.97840,1.94580,1.95390,61372
2008.05.11,00:00,1.95060,1.96330,1.93630,1.95690,68670
2008.05.18,00:00,1.95720,1.98520,1.94530,1.97970,54691
2008.05.25,00:00,1.98100,1.98460,1.96720,1.98220,55002
2008.06.01,00:00,1.97690,1.97710,1.94610,1.97070,70261
2008.06.08,00:00,1.97040,1.98000,1.94080,1.94760,74101
2008.06.15,00:00,1.94710,1.97910,1.94600,1.97600,61781
2008.06.22,00:00,1.97490,1.99520,1.95860,1.99490,56173
2008.06.29,00:00,1.99430,2.00060,1.97940,1.98230,54571
2008.07.06,00:00,1.98220,1.99590,1.96470,1.98860,59887
2008.07.13,00:00,1.99090,2.01580,1.98140,1.99880,67943
2008.07.20,00:00,1.99520,2.00760,1.98160,1.99160,64938
2008.07.27,00:00,1.99040,1.99680,1.97270,1.97510,56579
2008.08.03,00:00,1.97550,1.97590,1.91460,1.92090,63584
2008.08.10,00:00,1.91310,1.92560,1.85120,1.86610,83455
2008.08.17,00:00,1.86440,1.87940,1.85050,1.85260,54280
2008.08.24,00:00,1.85160,1.85900,1.81730,1.82100,73999
2008.08.31,00:00,1.81160,1.81270,1.75370,1.76650,100943
2008.09.07,00:00,1.78630,1.79740,1.74450,1.79410,112420
2008.09.14,00:00,1.79850,1.83880,1.77310,1.83150,132754
2008.09.21,00:00,1.83240,1.86680,1.82640,1.84430,98691
2008.09.28,00:00,1.82780,1.83420,1.75510,1.77130,125820
2008.10.05,00:00,1.76240,1.76950,1.67860,1.70410,162990
2008.10.12,00:00,1.71320,1.76300,1.69260,1.72810,134925
2008.10.19,00:00,1.73110,1.75170,1.52690,1.59010,155585
2008.10.26,00:00,1.57240,1.66710,1.52780,1.60750,189852
2008.11.02,00:00,1.61040,1.63980,1.55350,1.56420,187137
2008.11.09,00:00,1.57590,1.58840,1.45570,1.47390,134046
2008.11.16,00:00,1.46660,1.52490,1.46570,1.49250,114297
2008.11.23,00:00,1.49580,1.55340,1.48420,1.53690,99173
2008.11.30,00:00,1.53810,1.53960,1.44660,1.46850,107802
2008.12.07,00:00,1.46990,1.51160,1.46790,1.49440,79519
2008.12.14,00:00,1.49660,1.57220,1.48100,1.49470,131238
2008.12.21,00:00,1.49480,1.49900,1.45750,1.45760,46432
2008.12.28,00:00,1.46540,1.47660,1.43500,1.45470,51651
2009.01.04,00:00,1.45460,1.53720,1.44310,1.51630,99957
2009.01.11,00:00,1.50680,1.51150,1.44690,1.47320,127701
2009.01.18,00:00,1.48720,1.49090,1.35030,1.37990,149743
2009.01.25,00:00,1.36820,1.45420,1.35470,1.45390,153215
2009.02.01,00:00,1.44380,1.48420,1.40510,1.47860,143846
2009.02.08,00:00,1.48118,1.49845,1.41340,1.43535,172368
2009.02.15,00:00,1.42115,1.44835,1.40930,1.44315,138697
2009.02.22,00:00,1.43970,1.46605,1.41105,1.43145,225202
2009.03.01,00:00,1.42690,1.43046,1.39566,1.40921,226136
2009.03.08,00:00,1.41265,1.41821,1.36542,1.40011,205767
2009.03.15,00:00,1.39135,1.45948,1.38436,1.44636,261261
2009.03.22,00:00,1.44910,1.47785,1.42676,1.43191,224783
2009.03.29,00:00,1.42458,1.48460,1.41096,1.48387,219929
2009.04.05,00:00,1.48447,1.49574,1.45799,1.46776,206354
2009.04.12,00:00,1.46402,1.50662,1.46041,1.47961,223125
2009.04.19,00:00,1.47806,1.48135,1.43958,1.46775,221991
2009.04.26,00:00,1.46628,1.49456,1.45140,1.49216,226322
2009.05.03,00:00,1.49211,1.52466,1.48348,1.52331,263859
2009.05.10,00:00,1.52276,1.53520,1.50575,1.51788,262316
2009.05.17,00:00,1.51726,1.59430,1.51164,1.59310,332668
2009.05.24,00:00,1.59290,1.61974,1.57768,1.61881,420880
2009.05.31,00:00,1.61837,1.66617,1.59403,1.59795,548597
2009.06.07,00:00,1.59531,1.66179,1.58013,1.64420,502607
2009.06.14,00:00,1.64247,1.65599,1.61867,1.64925,468530
2009.06.21,00:00,1.65051,1.66008,1.62075,1.65244,460160
2009.06.28,00:00,1.65011,1.67427,1.63019,1.63312,380755
2009.07.05,00:00,1.62814,1.63789,1.59836,1.62104,432144
2009.07.12,00:00,1.61828,1.64804,1.60326,1.63343,400894
2009.07.19,00:00,1.63375,1.65827,1.63101,1.64231,402811
2009.07.26,00:00,1.64478,1.67314,1.63385,1.67110,390204
2009.08.02,00:00,1.67186,1.70422,1.66506,1.66823,366909
2009.08.09,00:00,1.66714,1.67169,1.63906,1.65417,377819
2009.08.16,00:00,1.65041,1.66227,1.62748,1.65058,365396
2009.08.23,00:00,1.65033,1.65440,1.61529,1.62692,309937
2009.08.30,00:00,1.62655,1.64120,1.61130,1.63908,295260
2009.09.06,00:00,1.63938,1.67407,1.63220,1.66552,277943
2009.09.13,00:00,1.66840,1.66841,1.62300,1.62700,300145
2009.09.20,00:00,1.62154,1.64665,1.59157,1.59493,318743
2009.09.27,00:00,1.59667,1.61248,1.57699,1.59450,344437
2009.10.04,00:00,1.59267,1.61195,1.58250,1.58440,346470
2009.10.11,00:00,1.58568,1.63983,1.57076,1.63547,346225
2009.10.18,00:00,1.63132,1.66920,1.62401,1.63046,358991
2009.10.25,00:00,1.63167,1.66033,1.62505,1.64523,335196
2009.11.01,00:00,1.64046,1.66359,1.62610,1.66100,235585
2009.11.08,00:00,1.66587,1.68432,1.65150,1.66651,216698
2009.11.15,00:00,1.66993,1.68774,1.64599,1.65009,204041
2009.11.22,00:00,1.64995,1.67456,1.62705,1.64985,211963
2009.11.29,00:00,1.65049,1.67213,1.63801,1.64746,215466
2009.12.06,00:00,1.64247,1.65149,1.61672,1.62594,234257
2009.12.13,00:00,1.62486,1.64104,1.60516,1.61577,219359
2009.12.20,00:00,1.61156,1.61638,1.59208,1.59485,122240
2009.12.27,00:00,1.59878,1.62345,1.58318,1.61435,83624
2010.01.03,00:00,1.61101,1.62411,1.58959,1.60211,227181
2010.01.10,00:00,1.60665,1.63550,1.60442,1.62623,228634
2010.01.17,00:00,1.62580,1.64569,1.60767,1.61109,245300
2010.01.24,00:00,1.61022,1.62757,1.59772,1.59787,245578
2010.01.31,00:00,1.59442,1.60697,1.55577,1.56387,250208
2010.02.07,00:00,1.55890,1.57646,1.55340,1.56991,258232
2010.02.14,00:00,1.56806,1.58151,1.53452,1.54742,201362
2010.02.21,00:00,1.54761,1.55749,1.51519,1.52375,247600
2010.02.28,00:00,1.51539,1.52027,1.47811,1.51372,260862
2010.03.07,00:00,1.51304,1.52170,1.48724,1.52025,218965
2010.03.14,00:00,1.51703,1.53817,1.49764,1.50106,219769
2010.03.21,00:00,1.49986,1.51116,1.47977,1.48946,237866
2010.03.28,00:00,1.49189,1.52983,1.48916,1.52046,186932
2010.04.04,00:00,1.52814,1.53914,1.51287,1.53661,186061
2010.04.11,00:00,1.54547,1.55225,1.53357,1.53603,219360
2010.04.18,00:00,1.52728,1.54725,1.51914,1.53746,237758
2010.04.25,00:00,1.53861,1.54965,1.51249,1.52681,242932
2010.05.02,00:00,1.53285,1.53326,1.44748,1.48010,301272
2010.05.09,00:00,1.48794,1.50535,1.44949,1.45328,487843
2010.05.16,00:00,1.45110,1.45457,1.42282,1.44575,506325
2010.05.23,00:00,1.44607,1.46109,1.42581,1.44560,427504
2010.05.30,00:00,1.44159,1.47695,1.44030,1.44517,370082
2010.06.06,00:00,1.44080,1.47586,1.43458,1.45485,394009
2010.06.13,00:00,1.45716,1.48854,1.45500,1.48231,326295
2010.06.20,00:00,1.48666,1.50767,1.46863,1.50614,350855
2010.06.27,00:00,1.50631,1.52281,1.48727,1.52020,344397
2010.07.04,00:00,1.52019,1.52407,1.50501,1.50608,266668
2010.07.11,00:00,1.50777,1.54713,1.49476,1.52981,298908
2010.07.18,00:00,1.52747,1.54481,1.51235,1.54226,296613
2010.07.25,00:00,1.54170,1.57207,1.54086,1.56943,257290
2010.08.01,00:00,1.57091,1.59973,1.56949,1.59405,281194
2010.08.08,00:00,1.59631,1.59950,1.55610,1.55883,320494
2010.08.15,00:00,1.56057,1.57018,1.54618,1.55317,332626
2010.08.22,00:00,1.55310,1.56182,1.53718,1.55268,342576
2010.08.29,00:00,1.55279,1.55754,1.53266,1.54497,283688
2010.09.05,00:00,1.54278,1.55326,1.52958,1.53561,438890
2010.09.12,00:00,1.53572,1.57281,1.53473,1.56289,496350
2010.09.19,00:00,1.56535,1.58427,1.55029,1.58202,502618
2010.09.26,00:00,1.58188,1.59226,1.56688,1.58174,491407
2010.10.03,00:00,1.57999,1.60177,1.57481,1.59586,394182
2010.10.10,00:00,1.59497,1.61063,1.57535,1.59901,419370
2010.10.17,00:00,1.59755,1.60029,1.56492,1.56802,498972
2010.10.24,00:00,1.56790,1.60443,1.56635,1.60390,501353
2010.10.31,00:00,1.60479,1.62989,1.59605,1.61806,476064
2010.11.07,00:00,1.61957,1.62127,1.59503,1.61152,537712
2010.11.14,00:00,1.61472,1.61530,1.58384,1.59786,624985
2010.11.21,00:00,1.59785,1.60839,1.55737,1.55891,1032104
2010.11.28,00:00,1.55926,1.57873,1.54832,1.57729,1270401
2010.12.05,00:00,1.57595,1.58618,1.56550,1.58001,1336597
2010.12.12,00:00,1.57976,1.59102,1.54539,1.55305,1157321
2010.12.19,00:00,1.55140,1.55762,1.53561,1.54424,679991
2010.12.26,00:00,1.54405,1.56638,1.53447,1.55860,701025
2011.01.02,00:00,1.55640,1.56446,1.54068,1.55460,452283
2011.01.09,00:00,1.55204,1.58870,1.54746,1.58667,446412
2011.01.16,00:00,1.58636,1.60581,1.58341,1.60025,459213
2011.01.23,00:00,1.60058,1.60152,1.57509,1.58601,501414
2011.01.30,00:00,1.58476,1.62768,1.58211,1.61089,482060
2011.02.06,00:00,1.61001,1.61843,1.59625,1.60049,471035
2011.02.13,00:00,1.59873,1.62614,1.59809,1.62522,460332
2011.02.20,00:00,1.62565,1.62720,1.60305,1.61162,418873
2011.02.27,00:00,1.61100,1.63430,1.60705,1.62665,438994
2011.03.06,00:00,1.62750,1.63404,1.59766,1.60784,407005
2011.03.13,00:00,1.60901,1.62532,1.59779,1.62310,491669
2011.03.20,00:00,1.62188,1.63999,1.60063,1.60340,407379
2011.03.27,00:00,1.60011,1.61497,1.59360,1.61086,393299
2011.04.03,00:00,1.61070,1.64268,1.60911,1.63789,336221
2011.04.10,00:00,1.63685,1.64251,1.62267,1.63224,350115
2011.04.17,00:00,1.63068,1.65986,1.61658,1.65067,309835
2011.04.24,00:00,1.65277,1.67449,1.64311,1.67030,361345
2011.05.01,00:00,1.67050,1.67371,1.63542,1.63644,430519
2011.05.08,00:00,1.63550,1.65158,1.61466,1.61927,474042
2011.05.15,00:00,1.62080,1.63024,1.61054,1.62262,461207
2011.05.22,00:00,1.62227,1.65118,1.60588,1.65056,490099
2011.05.29,00:00,1.64960,1.65461,1.62859,1.64235,423302
2011.06.05,00:00,1.64115,1.64705,1.62164,1.62204,438711
2011.06.12,00:00,1.62300,1.64411,1.60776,1.61907,452828
2011.06.19,00:00,1.61600,1.62610,1.59375,1.59570,451889
2011.06.26,00:00,1.59604,1.61176,1.59116,1.60681,460912
2011.07.03,00:00,1.60631,1.61391,1.59307,1.60568,420222
2011.07.10,00:00,1.60153,1.61925,1.57807,1.61291,491177
2011.07.17,00:00,1.61090,1.63388,1.60045,1.62973,447884
2011.07.24,00:00,1.63289,1.64690,1.62607,1.64173,434535
2011.07.31,00:00,1.64222,1.64745,1.62233,1.63890,509472
2011.08.07,00:00,1.64709,1.64758,1.61101,1.62743,594611
2011.08.14,00:00,1.62720,1.66174,1.62565,1.64624,477216
2011.08.21,00:00,1.64649,1.65700,1.62078,1.63669,445586
2011.08.28,00:00,1.63512,1.64532,1.61314,1.62148,421786
2011.09.04,00:00,1.61528,1.61966,1.58435,1.58782,508756
2011.09.11,00:00,1.58318,1.58853,1.57065,1.57857,522153
2011.09.18,00:00,1.57286,1.57546,1.53271,1.54411,538993
2011.09.25,00:00,1.54800,1.57146,1.54319,1.55787,543509
2011.10.02,00:00,1.55513,1.56450,1.52721,1.55575,560692
2011.10.09,00:00,1.55585,1.58508,1.55263,1.58170,511112
2011.10.16,00:00,1.58181,1.59728,1.56314,1.59459,544058
2011.10.23,00:00,1.59313,1.61504,1.58906,1.61275,537361
2011.10.30,00:00,1.61291,1.61647,1.58770,1.60308,551180
2011.11.06,00:00,1.60663,1.61291,1.58680,1.60619,492330
2011.11.13,00:00,1.60871,1.60896,1.56905,1.58026,517550
2011.11.20,00:00,1.57918,1.57964,1.54228,1.54319,476586
2011.11.27,00:00,1.54862,1.57789,1.54586,1.55924,491714
2011.12.04,00:00,1.56236,1.57679,1.55610,1.56654,439848
2011.12.11,00:00,1.56520,1.56566,1.54087,1.55423,432589
2011.12.18,00:00,1.55404,1.57731,1.54649,1.55840,399759
2011.12.25,00:00,1.56268,1.56899,1.53616,1.55379,304475
2012.01.01,00:00,1.54936,1.56687,1.53751,1.54243,377087
2012.01.08,00:00,1.54231,1.54995,1.52358,1.53160,412954
2012.01.15,00:00,1.52790,1.55765,1.52753,1.55737,402963
2012.01.22,00:00,1.55540,1.57392,1.55161,1.57272,405047
2012.01.29,00:00,1.57310,1.58821,1.56534,1.58107,418673
2012.02.05,00:00,1.58026,1.59277,1.57294,1.57523,429414
2012.02.12,00:00,1.57768,1.58612,1.56445,1.58205,408972
2012.02.19,00:00,1.58466,1.58983,1.56480,1.58680,372667
2012.02.26,00:00,1.58844,1.59908,1.57992,1.58322,371962
2012.03.04,00:00,1.58346,1.58809,1.56618,1.56720,319713
2012.03.11,00:00,1.56698,1.58601,1.56024,1.58398,322476
2012.03.18,00:00,1.58391,1.59222,1.57704,1.58663,316351
2012.03.25,00:00,1.58670,1.60357,1.58008,1.60061,337779
2012.04.01,00:00,1.60225,1.60617,1.58042,1.58645,329307
2012.04.08,00:00,1.58730,1.59835,1.58088,1.58444,333828
2012.04.15,00:00,1.58462,1.61483,1.58180,1.61215,345090
2012.04.22,00:00,1.61206,1.62793,1.60759,1.62594,315365
2012.04.29,00:00,1.62704,1.63006,1.61408,1.61470,288889
2012.05.06,00:00,1.61361,1.61975,1.60611,1.60656,340625
2012.05.13,00:00,1.60661,1.61219,1.57322,1.58146,351962
2012.05.20,00:00,1.57986,1.58474,1.56298,1.56643,378661
2012.05.27,00:00,1.56915,1.57161,1.52677,1.53612,445503
2012.06.03,00:00,1.53510,1.55999,1.53213,1.54682,448866
2012.06.10,00:00,1.55113,1.57263,1.54537,1.57111,441516
2012.06.17,00:00,1.57078,1.57764,1.55563,1.55825,462495
2012.06.24,00:00,1.55662,1.57143,1.54843,1.57040,388517
2012.07.01,00:00,1.56956,1.57207,1.54605,1.54887,338231
2012.07.08,00:00,1.54799,1.55797,1.53927,1.55741,325473
2012.07.15,00:00,1.55763,1.57351,1.55164,1.56195,336831
2012.07.22,00:00,1.56216,1.57668,1.54581,1.57439,386739
2012.07.29,00:00,1.57361,1.57489,1.54898,1.56371,360884
2012.08.05,00:00,1.56119,1.57001,1.55453,1.56873,338580
2012.08.12,00:00,1.56766,1.57437,1.56353,1.56935,302837
2012.08.19,00:00,1.57061,1.59113,1.56772,1.58089,305711
2012.08.26,00:00,1.58192,1.58940,1.57534,1.58636,249332
2012.09.02,00:00,1.58781,1.60333,1.58258,1.60081,303994
2012.09.09,00:00,1.60169,1.62541,1.59582,1.62143,331034
2012.09.16,00:00,1.62212,1.63086,1.61627,1.62286,344681
2012.09.23,00:00,1.62286,1.62714,1.61123,1.61638,335743
2012.09.30,00:00,1.61468,1.62161,1.60661,1.61341,341767
2012.10.07,00:00,1.61335,1.61400,1.59759,1.60673,306910
2012.10.14,00:00,1.60710,1.61777,1.59965,1.59993,285200
2012.10.21,00:00,1.60133,1.61427,1.59126,1.61029,278541
2012.10.28,00:00,1.60968,1.61743,1.60061,1.60198,232317
2012.11.04,00:00,1.60108,1.60419,1.58873,1.58938,282253
2012.11.11,00:00,1.59022,1.59149,1.58274,1.58792,263068
2012.11.18,00:00,1.58861,1.60504,1.58812,1.60252,249920
2012.11.25,00:00,1.60339,1.60617,1.59618,1.60107,275579
2012.12.02,00:00,1.60169,1.61303,1.60016,1.60374,264761
2012.12.09,00:00,1.60358,1.61768,1.60130,1.61718,252538
2012.12.16,00:00,1.61664,1.63061,1.61512,1.61686,263907
2012.12.23,00:00,1.61532,1.62055,1.60662,1.61455,169428
2012.12.30,00:00,1.61756,1.63389,1.60099,1.60678,176818
2013.01.06,00:00,1.60741,1.61761,1.59925,1.61271,251093
2013.01.13,00:00,1.61311,1.61542,1.58541,1.58660,288232
2013.01.20,00:00,1.58487,1.58932,1.57453,1.57955,272902
2013.01.27,00:00,1.57608,1.58782,1.56742,1.56915,274035
2013.02.03,00:00,1.56902,1.58434,1.56302,1.57969,281981
2013.02.10,00:00,1.57994,1.58094,1.54623,1.55157,268096
2013.02.17,00:00,1.55040,1.55074,1.51310,1.51614,253424
2013.02.24,00:00,1.50714,1.52199,1.49859,1.50367,247740
2013.03.03,00:00,1.50418,1.51985,1.48885,1.49225,167125
2013.03.10,00:00,1.49188,1.51761,1.48313,1.51120,169803
2013.03.17,00:00,1.51186,1.52475,1.50267,1.52280,225902
2013.03.24,00:00,1.52309,1.52601,1.50930,1.51985,190173
2013.03.31,00:00,1.51921,1.53629,1.50336,1.53345,223069
2013.04.07,00:00,1.53051,1.54109,1.52390,1.53403,238871
2013.04.14,00:00,1.53411,1.53844,1.52168,1.52300,248103
2013.04.21,00:00,1.52326,1.54983,1.51970,1.54709,225622
2013.04.28,00:00,1.54866,1.56047,1.54686,1.55714,223186
2013.05.05,00:00,1.55660,1.55981,1.53139,1.53598,213248
2013.05.12,00:00,1.53551,1.53841,1.51577,1.51669,252674
2013.05.19,00:00,1.51911,1.52803,1.50136,1.51214,268946
2013.05.26,00:00,1.51351,1.52390,1.50080,1.51960,258851
2013.06.02,00:00,1.52071,1.56833,1.51920,1.55551,294245
2013.06.09,00:00,1.55161,1.57359,1.54946,1.57024,288199
2013.06.16,00:00,1.57296,1.57508,1.53679,1.54152,274872
2013.06.23,00:00,1.53743,1.54764,1.51654,1.52111,271779
2013.06.30,00:00,1.52039,1.53036,1.48591,1.48847,245696
2013.07.07,00:00,1.48772,1.52214,1.48131,1.51041,251530
2013.07.14,00:00,1.51157,1.52810,1.50275,1.52629,254105
2013.07.21,00:00,1.52696,1.54333,1.52577,1.53784,258837
2013.07.28,00:00,1.53798,1.54129,1.51023,1.52884,271297
2013.08.04,00:00,1.52915,1.55735,1.52053,1.54982,254435
2013.08.11,00:00,1.54891,1.56562,1.54219,1.56234,253979
2013.08.18,00:00,1.56198,1.57167,1.55385,1.55661,252270
2013.08.25,00:00,1.55649,1.56112,1.54287,1.54971,224382
2013.09.01,00:00,1.55333,1.56804,1.55054,1.56277,227066
2013.09.08,00:00,1.56165,1.58842,1.56122,1.58734,213301
2013.09.15,00:00,1.59370,1.61623,1.58854,1.60023,233492
2013.09.22,00:00,1.60051,1.61463,1.59549,1.61372,219073
2013.09.29,00:00,1.61420,1.62592,1.60053,1.60059,239652
2013.10.06,00:00,1.60221,1.61235,1.59135,1.59529,211635
2013.10.13,00:00,1.59702,1.62245,1.58936,1.61645,218117
2013.10.20,00:00,1.61736,1.62560,1.61157,1.61634,211017
2013.10.27,00:00,1.61729,1.62076,1.59084,1.59244,243247
2013.11.03,00:00,1.59242,1.61171,1.59060,1.60141,206507
2013.11.10,00:00,1.60015,1.61338,1.58538,1.61153,238880
2013.11.17,00:00,1.61227,1.62253,1.60592,1.62233,241575
2013.11.24,00:00,1.62244,1.63836,1.61330,1.63652,219363
2013.12.01,00:00,1.63691,1.64419,1.62927,1.63469,255463
2013.12.08,00:00,1.63461,1.64650,1.62622,1.62955,212847
2013.12.15,00:00,1.62936,1.64811,1.62200,1.63316,222495
2013.12.22,00:00,1.63365,1.65772,1.63220,1.64797,132465
2013.12.29,00:00,1.64792,1.65928,1.63950,1.64163,160667
2014.01.05,00:00,1.64000,1.65162,1.63372,1.64801,213200
2014.01.12,00:00,1.64843,1.65073,1.63093,1.64226,215187
2014.01.19,00:00,1.64179,1.66676,1.63951,1.64784,213076
2014.01.26,00:00,1.65046,1.66244,1.64268,1.64360,238266
2014.02.02,00:00,1.64216,1.64400,1.62518,1.64098,228464
2014.02.09,00:00,1.63980,1.67546,1.63827,1.67465,217867
2014.02.16,00:00,1.67657,1.68221,1.66123,1.66145,222156
2014.02.23,00:00,1.66268,1.67677,1.65830,1.67391,230783
2014.03.02,00:00,1.67109,1.67851,1.66401,1.67117,221935
2014.03.09,00:00,1.67226,1.67405,1.65679,1.66464,202207
2014.03.16,00:00,1.66423,1.66652,1.64749,1.64851,190126
2014.03.23,00:00,1.64748,1.66502,1.64652,1.66374,201293
2014.03.30,00:00,1.66556,1.66836,1.65546,1.65733,195421
2014.04.06,00:00,1.65705,1.68198,1.65651,1.67306,180036
2014.04.13,00:00,1.67207,1.68414,1.66605,1.67911,170925
2014.04.20,00:00,1.67911,1.68387,1.67622,1.67990,156571
2014.04.27,00:00,1.68027,1.69179,1.67772,1.68692,178515
2014.05.04,00:00,1.68789,1.69957,1.68317,1.68493,174359
2014.05.11,00:00,1.68421,1.69027,1.67316,1.68099,176618
2014.05.18,00:00,1.68131,1.69199,1.68016,1.68288,175534
2014.05.25,00:00,1.68354,1.68814,1.66926,1.67525,165109
2014.06.01,00:00,1.67653,1.68445,1.66986,1.68011,177029
2014.06.08,00:00,1.68052,1.69913,1.67381,1.69663,181183
2014.06.15,00:00,1.69720,1.70617,1.69230,1.70117,178656
2014.06.22,00:00,1.70133,1.70506,1.69520,1.70345,160727
2014.06.29,00:00,1.70302,1.71789,1.70082,1.71605,179782
2014.07.06,00:00,1.71663,1.71674,1.70849,1.71047,172617
2014.07.13,00:00,1.71214,1.71898,1.70362,1.70839,182511
2014.07.20,00:00,1.70863,1.70990,1.69608,1.69747,176121
2014.07.27,00:00,1.69787,1.70001,1.68099,1.68222,214208
2014.08.03,00:00,1.68319,1.68879,1.67661,1.67704,206971
2014.08.10,00:00,1.67787,1.68363,1.66569,1.66893,187064
2014.08.17,00:00,1.67322,1.67369,1.65608,1.65692,191727
2014.08.24,00:00,1.65483,1.66129,1.65356,1.65956,208868
2014.08.31,00:00,1.65918,1.66433,1.62802,1.63246,228147
2014.09.07,00:00,1.61686,1.62762,1.60515,1.62659,301038
2014.09.14,00:00,1.62758,1.65228,1.61616,1.62863,319625
2014.09.21,00:00,1.63040,1.64148,1.62375,1.62469,280675
2014.09.28,00:00,1.62334,1.62866,1.59516,1.59700,307175
2014.10.05,00:00,1.59602,1.62259,1.59530,1.60757,277949
2014.10.12,00:00,1.60731,1.61256,1.58744,1.60917,311592
2014.10.19,00:00,1.61037,1.61837,1.59941,1.60883,238068
2014.10.26,00:00,1.60840,1.61819,1.59421,1.59940,245374
2014.11.02,00:00,1.59623,1.60213,1.57901,1.58694,302249
2014.11.09,00:00,1.58820,1.59438,1.55927,1.56673,278911
2014.11.16,00:00,1.56829,1.57366,1.55897,1.56554,291068
2014.11.23,00:00,1.56348,1.58246,1.56139,1.56411,285577
2014.11.30,00:00,1.56486,1.57628,1.55694,1.55750,308669
2014.12.07,00:00,1.55711,1.57558,1.55408,1.57127,492967
2014.12.14,00:00,1.57241,1.57849,1.55439,1.56237,544606
2014.12.21,00:00,1.56249,1.56648,1.54853,1.55555,290583
2014.12.28,00:00,1.55625,1.56194,1.53246,1.53248,333125
2015.01.04,00:00,1.53015,1.53190,1.50336,1.51577,543675
2015.01.11,00:00,1.51779,1.52685,1.50747,1.51475,632385
2015.01.18,00:00,1.51304,1.52117,1.49513,1.49896,534307
2015.01.25,00:00,1.50084,1.52226,1.49864,1.50584,571598
2015.02.01,00:00,1.50942,1.53517,1.49883,1.52403,531042
2015.02.08,00:00,1.52266,1.54215,1.51964,1.53930,511304
2015.02.15,00:00,1.54134,1.54784,1.53154,1.53951,429166
2015.02.22,00:00,1.53949,1.55517,1.53317,1.54351,482023
2015.03.01,00:00,1.54196,1.54281,1.50315,1.50345,475677
2015.03.08,00:00,1.50370,1.51366,1.46992,1.47409,564599
2015.03.15,00:00,1.47363,1.51649,1.46345,1.49494,566858
2015.03.22,00:00,1.49722,1.49929,1.47961,1.48741,558655
2015.03.29,00:00,1.48836,1.49446,1.47390,1.49164,482036
2015.04.05,00:00,1.49169,1.49808,1.45866,1.46309,466558
2015.04.12,00:00,1.46196,1.50529,1.45653,1.49589,528706
2015.04.19,00:00,1.49574,1.51866,1.48556,1.51864,515501
2015.04.26,00:00,1.51759,1.54977,1.51062,1.51399,484326
2015.05.03,00:00,1.51434,1.55221,1.50890,1.54412,320254
2015.05.10,00:00,1.54425,1.58143,1.53930,1.57285,348446
2015.05.17,00:00,1.57407,1.57450,1.54460,1.54923,356371
2015.05.24,00:00,1.54723,1.55069,1.52357,1.52807,317428
2015.05.31,00:00,1.52913,1.54406,1.51698,1.52612,348640
2015.06.07,00:00,1.52563,1.55971,1.52207,1.55578,319933
2015.06.14,00:00,1.55448,1.59287,1.54869,1.58699,290083
2015.06.21,00:00,1.58723,1.59091,1.56663,1.57393,275764
2015.06.28,00:00,1.56964,1.57881,1.55560,1.55640,309584
2015.07.05,00:00,1.55394,1.56276,1.53294,1.55119,318628
2015.07.12,00:00,1.55006,1.56745,1.54500,1.56009,289691
2015.07.19,00:00,1.55862,1.56698,1.54662,1.55043,275560
2015.07.26,00:00,1.55138,1.56888,1.54899,1.56173,294396
2015.08.02,00:00,1.56361,1.56505,1.54242,1.54897,288326
2015.08.09,00:00,1.54905,1.56595,1.54577,1.56381,279398
2015.08.16,00:00,1.56517,1.57225,1.55618,1.56751,289495
2015.08.23,00:00,1.56789,1.58181,1.53347,1.53813,409650
2015.08.30,00:00,1.54106,1.54365,1.51613,1.51617,382394
2015.09.06,00:00,1.51790,1.54752,1.51704,1.54244,271757
2015.09.13,00:00,1.54302,1.56581,1.53291,1.55164,260351
2015.09.20,00:00,1.55306,1.55672,1.51349,1.51718,281130
2015.09.27,00:00,1.51792,1.52402,1.51064,1.51805,276370
2015.10.04,00:00,1.51888,1.53825,1.51363,1.53078,244169
2015.10.11,00:00,1.53089,1.55078,1.52000,1.54364,213037
2015.10.18,00:00,1.54390,1.55063,1.53055,1.53084,264910
2015.10.25,00:00,1.53065,1.54670,1.52418,1.54249,280557
2015.11.01,00:00,1.54572,1.54969,1.50264,1.50426,239902
2015.11.08,00:00,1.50441,1.52625,1.50403,1.52343,245050
2015.11.15,00:00,1.52315,1.53350,1.51538,1.51854,317252
2015.11.22,00:00,1.51739,1.51949,1.50293,1.50322,291787
2015.11.29,00:00,1.50332,1.51585,1.48944,1.51063,418587
2015.12.06,00:00,1.51050,1.52390,1.49562,1.52234,391905
2015.12.13,00:00,1.52278,1.52306,1.48644,1.48904,419460
2015.12.20,00:00,1.48978,1.49436,1.48046,1.49406,225746
2015.12.27,00:00,1.49041,1.49335,1.47330,1.47434,193627
2016.01.03,00:00,1.47321,1.48151,1.45055,1.45097,400559
2016.01.10,00:00,1.45235,1.46032,1.42510,1.42549,407509
2016.01.17,00:00,1.42467,1.43598,1.40790,1.42602,402532
2016.01.24,00:00,1.42685,1.44125,1.41487,1.42393,337015
2016.01.31,00:00,1.42491,1.46671,1.42275,1.44986,454809
2016.02.07,00:00,1.44821,1.45775,1.43501,1.45006,571164
2016.02.14,00:00,1.44905,1.45348,1.42345,1.44001,471044
2016.02.21,00:00,1.42689,1.43054,1.38532,1.38657,503738
2016.02.28,00:00,1.38556,1.42476,1.38352,1.42252,484380
2016.03.06,00:00,1.42171,1.44358,1.41173,1.43766,440494
2016.03.13,00:00,1.43731,1.45137,1.40523,1.44719,362081
2016.03.20,00:00,1.44576,1.44672,1.40565,1.41333,186718
2016.03.27,00:00,1.41266,1.44582,1.41190,1.42215,387816
2016.04.03,00:00,1.42211,1.43208,1.40046,1.41254,527040
2016.04.10,00:00,1.41127,1.43475,1.40894,1.41958,555618
2016.04.17,00:00,1.41934,1.44509,1.41302,1.43960,597384
2016.04.24,00:00,1.44578,1.46698,1.44020,1.46053,912587
2016.05.01,00:00,1.45829,1.47690,1.44139,1.44144,623094
2016.05.08,00:00,1.44159,1.45295,1.43397,1.43547,451395
2016.05.15,00:00,1.43483,1.46627,1.43317,1.44931,497006
2016.05.22,00:00,1.45024,1.47386,1.44414,1.46128,484066
2016.05.29,00:00,1.46057,1.47236,1.43851,1.45074,462151
2016.06.05,00:00,1.44661,1.46590,1.41791,1.42484,484945
2016.06.12,00:00,1.42640,1.43868,1.40118,1.43534,615737
2016.06.19,00:00,1.44696,1.50154,1.32273,1.36533,690426
2016.06.26,00:00,1.34218,1.35321,1.31189,1.32717,585254
2016.07.03,00:00,1.32447,1.33400,1.27954,1.29527,464833
2016.07.10,00:00,1.29503,1.34798,1.28500,1.31837,537594
2016.07.17,00:00,1.31947,1.33144,1.30643,1.31087,437100
2016.07.24,00:00,1.31425,1.33004,1.30565,1.32223,409093
2016.07.31,00:00,1.32211,1.33711,1.30206,1.30663,399685
2016.08.07,00:00,1.30713,1.30955,1.29022,1.29143,359877
2016.08.14,00:00,1.29192,1.31845,1.28650,1.30772,398396
2016.08.21,00:00,1.30607,1.32784,1.30333,1.31307,376526
2016.08.28,00:00,1.31180,1.33518,1.30587,1.32911,469313
2016.09.04,00:00,1.32930,1.34442,1.32384,1.32698,454104
2016.09.11,00:00,1.32652,1.33461,1.29962,1.29990,503782
2016.09.18,00:00,1.29960,1.31201,1.29141,1.29700,554342
2016.09.25,00:00,1.29642,1.30569,1.29153,1.29759,520404
2016.10.02,00:00,1.29214,1.29457,1.16927,1.24387,573601
2016.10.09,00:00,1.24076,1.24433,1.20888,1.21877,654590
2016.10.16,00:00,1.21535,1.23319,1.21349,1.22267,636402
2016.10.23,00:00,1.22172,1.22702,1.20815,1.21864,460660
2016.10.30,00:00,1.21855,1.25564,1.21422,1.25185,555564
2016.11.06,00:00,1.24555,1.26729,1.23519,1.25979,652006
2016.11.13,00:00,1.25667,1.25900,1.23014,1.23480,644818
2016.11.20,00:00,1.23446,1.25116,1.23116,1.24606,548203
2016.11.27,00:00,1.24755,1.27357,1.23850,1.27308,578155
2016.12.04,00:00,1.26545,1.27738,1.25481,1.25721,553554
2016.12.11,00:00,1.25835,1.27272,1.23756,1.24841,624286
2016.12.18,00:00,1.24759,1.25013,1.22280,1.22874,488046
2016.12.25,00:00,1.22806,1.23874,1.21999,1.23262,363288
2017.01.01,00:00,1.23379,1.24315,1.21987,1.22835,551888
2017.01.08,00:00,1.22548,1.23160,1.20374,1.21946,681014
2017.01.15,00:00,1.20146,1.24147,1.19862,1.23741,746263
2017.01.22,00:00,1.23756,1.26729,1.23684,1.25476,614466
2017.01.29,00:00,1.25693,1.27057,1.24117,1.24800,711251
2017.02.05,00:00,1.24841,1.25818,1.23462,1.24877,617439
2017.02.12,00:00,1.24648,1.25477,1.23824,1.24104,529825
2017.02.19,00:00,1.24047,1.25690,1.24010,1.24579,531426
2017.02.26,00:00,1.24679,1.24781,1.22136,1.22904,675325
2017.03.05,00:00,1.22852,1.22996,1.21331,1.21669,602281
2017.03.12,00:00,1.21686,1.24041,1.21087,1.23898,658374
2017.03.19,00:00,1.23839,1.25304,1.23345,1.24831,540869
2017.03.26,00:00,1.24900,1.26145,1.23760,1.25529,556564
2017.04.02,00:00,1.25451,1.25552,1.23649,1.23698,495798
2017.04.09,00:00,1.23794,1.25733,1.23651,1.25232,703307
2017.04.16,00:00,1.25283,1.29042,1.25145,1.28034,533014
2017.04.23,00:00,1.28211,1.29645,1.27714,1.29473,586409
2017.04.30,00:00,1.29257,1.29831,1.28301,1.29777,475501
2017.05.07,00:00,1.29809,1.29875,1.28439,1.28848,508776
2017.05.14,00:00,1.28850,1.30469,1.28650,1.30351,525576
2017.05.21,00:00,1.30036,1.30420,1.27745,1.28057,480599
2017.05.28,00:00,1.27997,1.29204,1.27682,1.28895,481870
2017.06.04,00:00,1.28560,1.29768,1.26346,1.27415,558874
2017.06.11,00:00,1.27174,1.28172,1.26381,1.27762,545911
2017.06.18,00:00,1.27640,1.28136,1.25886,1.27181,464842
2017.06.25,00:00,1.27371,1.30291,1.27056,1.30261,529949
2017.07.02,00:00,1.30081,1.30228,1.28662,1.28767,514715
2017.07.09,00:00,1.28731,1.31130,1.28111,1.31047,448276
2017.07.16,00:00,1.30983,1.31250,1.29324,1.29930,519523
2017.07.23,00:00,1.29854,1.31576,1.29833,1.31346,531260
2017.07.30,00:00,1.31263,1.32671,1.30232,1.30403,511189
2017.08.06,00:00,1.30341,1.30584,1.29387,1.30078,527711
2017.08.13,00:00,1.29851,1.30214,1.28310,1.28744,515589
2017.08.20,00:00,1.28640,1.29155,1.27734,1.28754,473218
2017.08.27,00:00,1.29160,1.29948,1.28515,1.29549,526743
2017.09.03,00:00,1.29563,1.32235,1.29083,1.31963,593212
2017.09.10,00:00,1.31799,1.36157,1.31502,1.35886,562472
2017.09.17,00:00,1.35564,1.36566,1.34493,1.34836,622512
2017.09.24,00:00,1.34848,1.35698,1.33423,1.33966,616646
2017.10.01,00:00,1.33720,1.34017,1.30265,1.30669,553993
2017.10.08,00:00,1.30935,1.33366,1.30743,1.32854,524853
2017.10.15,00:00,1.32946,1.33109,1.30873,1.31885,554782
2017.10.22,00:00,1.31804,1.32782,1.30684,1.31283,581414
2017.10.29,00:00,1.31305,1.33202,1.30384,1.30736,520300
2017.11.05,00:00,1.30669,1.32287,1.30574,1.31907,493060
2017.11.12,00:00,1.31681,1.32595,1.30614,1.32145,534707
2017.11.19,00:00,1.32158,1.33591,1.31851,1.33331,481420
2017.11.26,00:00,1.33207,1.35488,1.32199,1.34708,587122
2017.12.03,00:00,1.34356,1.35378,1.33190,1.34026,494974
2017.12.10,00:00,1.33784,1.34641,1.33002,1.33209,463318
2017.12.17,00:00,1.33112,1.34196,1.33097,1.33616,440124
2017.12.24,00:00,1.33725,1.35437,1.33467,1.35041,286743
2017.12.31,00:00,1.35210,1.36121,1.34933,1.35644,295670
2018.01.07,00:00,1.35561,1.37436,1.34573,1.37305,429416
2018.01.14,00:00,1.37227,1.39443,1.37224,1.38561,520575
2018.01.21,00:00,1.38873,1.43443,1.38565,1.41488,665780
2018.01.28,00:00,1.41340,1.42773,1.39792,1.41151,719279
2018.02.04,00:00,1.41038,1.41498,1.37637,1.38267,845844
2018.02.11,00:00,1.38043,1.41442,1.37951,1.40245,618272
2018.02.18,00:00,1.40118,1.40487,1.38562,1.39703,558408
2018.02.25,00:00,1.39851,1.40692,1.37109,1.38003,609799
2018.03.04,00:00,1.37881,1.39286,1.37657,1.38489,638443
2018.03.11,00:00,1.38512,1.39951,1.38402,1.39426,529864
2018.03.18,00:00,1.39416,1.42183,1.39125,1.41319,623783
2018.03.25,00:00,1.41323,1.42437,1.40098,1.40273,631343
2018.04.01,00:00,1.40212,1.41045,1.39648,1.40902,507733
2018.04.08,00:00,1.40889,1.42957,1.40778,1.42375,514266
2018.04.15,00:00,1.42300,1.43758,1.40033,1.40066,490566
2018.04.22,00:00,1.39951,1.40304,1.37467,1.37783,455020
2018.04.29,00:00,1.37736,1.37916,1.34857,1.35313,486739
2018.05.06,00:00,1.35231,1.36169,1.34594,1.35416,507637
