1998.06.21,00:00,1.47200,1.47600,1.46380,1.46910,593
1998.06.28,00:00,1.47010,1.47380,1.46020,1.46820,628
1998.07.05,00:00,1.46840,1.48030,1.46750,1.47850,525
1998.07.12,00:00,1.48000,1.49230,1.47620,1.48860,527
1998.07.19,00:00,1.48800,1.50050,1.48560,1.49950,442
1998.07.26,00:00,1.50000,1.51350,1.49660,1.51290,590
1998.08.02,00:00,1.51250,1.53500,1.51080,1.52100,866
1998.08.09,00:00,1.52080,1.52600,1.51100,1.51750,793
1998.08.16,00:00,1.51640,1.54320,1.51600,1.54250,694
1998.08.23,00:00,1.54200,1.58550,1.54000,1.56250,1354
1998.08.30,00:00,1.56250,1.57530,1.51980,1.52100,1915
1998.09.06,00:00,1.52100,1.52860,1.50820,1.51400,994
1998.09.13,00:00,1.51450,1.53800,1.49850,1.52400,994
1998.09.20,00:00,1.52410,1.53370,1.50600,1.51290,1001
1998.09.27,00:00,1.51310,1.55800,1.49900,1.54430,1197
1998.10.04,00:00,1.54440,1.56200,1.49800,1.54350,2128
1998.10.11,00:00,1.54300,1.55200,1.52850,1.54550,1285
1998.10.18,00:00,1.54450,1.55750,1.53540,1.54500,1117
1998.10.25,00:00,1.54330,1.55450,1.53540,1.54350,976
1998.11.01,00:00,1.54380,1.54750,1.51640,1.53300,975
1998.11.08,00:00,1.53320,1.55390,1.53070,1.54950,751
1998.11.15,00:00,1.55100,1.55780,1.54200,1.54700,837
1998.11.22,00:00,1.54600,1.55300,1.51670,1.53500,1083
1998.11.29,00:00,1.53280,1.54000,1.51900,1.53550,1258
1998.12.06,00:00,1.53340,1.54750,1.53200,1.54160,716
1998.12.13,00:00,1.53950,1.54560,1.53550,1.54500,541
1998.12.20,00:00,1.54460,1.55480,1.54460,1.55050,420
1998.12.27,00:00,1.55000,1.55360,1.52950,1.53150,559
1999.01.03,00:00,1.53100,1.53650,1.50150,1.51200,1109
1999.01.10,00:00,1.51150,1.54800,1.50450,1.52500,1396
1999.01.17,00:00,1.52510,1.53450,1.50980,1.51860,932
1999.01.24,00:00,1.51990,1.52850,1.50620,1.51100,962
1999.01.31,00:00,1.51050,1.51750,1.48170,1.49120,989
1999.02.07,00:00,1.48910,1.49740,1.48460,1.49200,673
1999.02.14,00:00,1.49250,1.50700,1.48430,1.48900,879
1999.02.21,00:00,1.48650,1.51530,1.48610,1.51030,943
1999.02.28,00:00,1.50870,1.53220,1.50530,1.51900,1094
1999.03.07,00:00,1.51900,1.52760,1.51100,1.52480,844
1999.03.14,00:00,1.52480,1.53090,1.51400,1.51540,578
1999.03.21,00:00,1.51500,1.51600,1.50150,1.51450,696
1999.03.28,00:00,1.51200,1.51650,1.49500,1.49650,680
1999.04.04,00:00,1.49550,1.50560,1.49500,1.50050,558
1999.04.11,00:00,1.49990,1.50110,1.47770,1.47870,660
1999.04.18,00:00,1.47760,1.49310,1.47400,1.47640,616
1999.04.25,00:00,1.47480,1.48380,1.45390,1.45700,728
1999.05.02,00:00,1.45650,1.46260,1.44470,1.45800,876
1999.05.09,00:00,1.45760,1.46600,1.45000,1.46500,755
1999.05.16,00:00,1.46100,1.47160,1.45560,1.46130,779
1999.05.23,00:00,1.45920,1.47900,1.45250,1.47200,950
1999.05.30,00:00,1.47150,1.48640,1.46840,1.47060,700
1999.06.06,00:00,1.46920,1.47730,1.45640,1.46200,716
1999.06.13,00:00,1.46100,1.46750,1.45360,1.46440,701
1999.06.20,00:00,1.46350,1.47600,1.46130,1.46650,733
1999.06.27,00:00,1.46600,1.48300,1.46100,1.46350,888
1999.07.04,00:00,1.46350,1.47440,1.46200,1.47250,623
1999.07.11,00:00,1.47190,1.48570,1.47100,1.48330,623
1999.07.18,00:00,1.48220,1.51250,1.48130,1.50720,888
1999.07.25,00:00,1.50730,1.51820,1.49800,1.50700,1006
1999.08.01,00:00,1.50600,1.51360,1.48800,1.50420,900
1999.08.08,00:00,1.50310,1.50530,1.47510,1.47800,760
1999.08.15,00:00,1.47720,1.49880,1.47530,1.49650,636
1999.08.22,00:00,1.49600,1.50520,1.48800,1.48950,753
1999.08.29,00:00,1.48840,1.50000,1.48360,1.49110,922
1999.09.05,00:00,1.49150,1.49500,1.47160,1.47500,777
1999.09.12,00:00,1.47540,1.48060,1.46720,1.47190,705
1999.09.19,00:00,1.47120,1.48120,1.46650,1.47200,778
1999.09.26,00:00,1.47250,1.47850,1.45920,1.47640,718
1999.10.03,00:00,1.47470,1.47750,1.46290,1.47150,719
1999.10.10,00:00,1.47110,1.49120,1.46970,1.48850,591
1999.10.17,00:00,1.48810,1.49780,1.47400,1.47700,816
1999.10.24,00:00,1.47680,1.48020,1.46740,1.47200,731
1999.10.31,00:00,1.47050,1.47190,1.45460,1.46900,722
1999.11.07,00:00,1.46550,1.47730,1.45780,1.45930,614
1999.11.14,00:00,1.46180,1.47220,1.45920,1.46230,671
1999.11.21,00:00,1.46200,1.47100,1.45940,1.46900,482
1999.11.28,00:00,1.46730,1.48360,1.46700,1.47920,603
1999.12.05,00:00,1.47820,1.48400,1.47100,1.47760,640
1999.12.12,00:00,1.47740,1.48580,1.47320,1.47910,510
1999.12.19,00:00,1.47720,1.48360,1.46660,1.46800,576
1999.12.26,00:00,1.46820,1.47030,1.44200,1.44660,853
2000.01.02,00:00,1.45170,1.46240,1.44030,1.45660,774
2000.01.09,00:00,1.45650,1.45980,1.44460,1.44960,658
2000.01.16,00:00,1.45010,1.45410,1.43700,1.44160,678
2000.01.23,00:00,1.43960,1.45160,1.43100,1.44560,797
2000.01.30,00:00,1.44520,1.45550,1.43500,1.44000,1018
2000.02.06,00:00,1.43960,1.45420,1.43650,1.45080,761
2000.02.13,00:00,1.44910,1.46020,1.44690,1.44950,621
2000.02.20,00:00,1.45040,1.46730,1.44680,1.45000,725
2000.02.27,00:00,1.44850,1.45950,1.44320,1.45090,856
2000.03.05,00:00,1.45090,1.46270,1.44840,1.45780,641
2000.03.12,00:00,1.45660,1.47780,1.45600,1.47010,647
2000.03.19,00:00,1.47030,1.47720,1.46100,1.46270,655
2000.03.26,00:00,1.46220,1.46440,1.44800,1.44930,617
2000.04.02,00:00,1.44890,1.45920,1.44650,1.45800,634
2000.04.09,00:00,1.45710,1.47820,1.45620,1.47710,597
2000.04.16,00:00,1.47600,1.48990,1.47100,1.47580,749
2000.04.23,00:00,1.47360,1.48510,1.46630,1.48020,801
2000.04.30,00:00,1.47970,1.50080,1.47520,1.49060,814
2000.05.07,00:00,1.49080,1.49880,1.48450,1.48650,748
2000.05.14,00:00,1.48580,1.50770,1.48350,1.49720,870
2000.05.21,00:00,1.49640,1.51500,1.49400,1.50300,850
2000.05.28,00:00,1.50230,1.50770,1.47500,1.47680,743
2000.06.04,00:00,1.47670,1.48210,1.47030,1.47580,643
2000.06.11,00:00,1.47400,1.47830,1.46520,1.46720,655
2000.06.18,00:00,1.46660,1.48420,1.46240,1.48240,551
2000.06.25,00:00,1.48190,1.49090,1.47500,1.48120,719
2000.07.02,00:00,1.47960,1.49280,1.47810,1.48060,611
2000.07.09,00:00,1.48110,1.48620,1.47530,1.48460,500
2000.07.16,00:00,1.48360,1.48620,1.46940,1.46990,525
2000.07.23,00:00,1.47080,1.47920,1.46250,1.47870,598
2000.07.30,00:00,1.47720,1.49180,1.47680,1.48920,665
2000.08.06,00:00,1.48870,1.49520,1.47910,1.48410,625
2000.08.13,00:00,1.48330,1.48940,1.47100,1.47680,551
2000.08.20,00:00,1.47570,1.48900,1.47200,1.48410,663
2000.08.27,00:00,1.48350,1.48880,1.46800,1.47330,621
2000.09.03,00:00,1.47350,1.48510,1.47130,1.47720,531
2000.09.10,00:00,1.47640,1.49400,1.47520,1.48280,641
2000.09.17,00:00,1.48270,1.49300,1.47920,1.48880,608
2000.09.24,00:00,1.48850,1.50860,1.48420,1.50370,705
2000.10.01,00:00,1.50300,1.51200,1.49180,1.50390,674
2000.10.08,00:00,1.50250,1.52130,1.49810,1.50620,724
2000.10.15,00:00,1.50670,1.52430,1.50640,1.51170,874
2000.10.22,00:00,1.51150,1.52980,1.50700,1.52980,885
2000.10.29,00:00,1.52920,1.53980,1.52020,1.53360,858
2000.11.05,00:00,1.53170,1.55080,1.52820,1.54370,701
2000.11.12,00:00,1.54270,1.56320,1.54100,1.55850,709
2000.11.19,00:00,1.55630,1.56150,1.53600,1.53920,736
2000.11.26,00:00,1.53830,1.54840,1.52800,1.54680,1066
2000.12.03,00:00,1.54580,1.55500,1.51260,1.51650,1125
2000.12.10,00:00,1.51850,1.53030,1.51210,1.52100,838
2000.12.17,00:00,1.52020,1.52890,1.51420,1.51750,794
2000.12.24,00:00,1.51650,1.52000,1.49400,1.50000,759
2000.12.31,00:00,1.49800,1.50550,1.48960,1.49950,743
2001.01.07,00:00,1.49820,1.50380,1.49190,1.50100,664
2001.01.14,00:00,1.50000,1.51800,1.49830,1.51180,760
2001.01.21,00:00,1.51090,1.51700,1.50000,1.50580,776
2001.01.28,00:00,1.50580,1.50680,1.48940,1.49750,710
2001.02.04,00:00,1.49620,1.51530,1.49570,1.51180,637
2001.02.11,00:00,1.51080,1.54200,1.50980,1.54030,694
2001.02.18,00:00,1.53860,1.54400,1.53250,1.53750,632
2001.02.25,00:00,1.53660,1.55020,1.52440,1.54530,828
2001.03.04,00:00,1.54380,1.55270,1.53640,1.54800,711
2001.03.11,00:00,1.54590,1.57000,1.54120,1.56900,765
2001.03.18,00:00,1.56800,1.57780,1.55780,1.56490,770
2001.03.25,00:00,1.56410,1.58000,1.55280,1.57610,1002
2001.04.01,00:00,1.57650,1.58300,1.56000,1.56530,973
2001.04.08,00:00,1.56400,1.56650,1.55350,1.56180,588
2001.04.15,00:00,1.56250,1.57480,1.54180,1.54400,961
2001.04.22,00:00,1.54480,1.55300,1.53890,1.54310,818
2001.04.29,00:00,1.54230,1.54480,1.52660,1.53580,671
2001.05.06,00:00,1.53550,1.55250,1.53190,1.55160,760
2001.05.13,00:00,1.55000,1.55680,1.53110,1.53370,751
2001.05.20,00:00,1.53240,1.55440,1.53090,1.54610,752
2001.05.27,00:00,1.54550,1.55170,1.52900,1.53690,1005
2001.06.03,00:00,1.53510,1.53930,1.51670,1.51910,704
2001.06.10,00:00,1.51880,1.53030,1.51350,1.52470,822
2001.06.17,00:00,1.52350,1.53840,1.52140,1.52310,803
2001.06.24,00:00,1.52240,1.52600,1.50980,1.51610,877
2001.07.01,00:00,1.51390,1.52380,1.50650,1.52320,622
2001.07.08,00:00,1.52300,1.54190,1.51660,1.53700,748
2001.07.15,00:00,1.53630,1.54800,1.53180,1.54380,748
2001.07.22,00:00,1.54230,1.54760,1.52880,1.53180,651
2001.07.29,00:00,1.53190,1.54240,1.52460,1.52890,559
2001.08.05,00:00,1.52900,1.54440,1.52260,1.53920,27514
2001.08.12,00:00,1.53930,1.54510,1.52450,1.54270,25846
2001.08.19,00:00,1.54290,1.55110,1.53660,1.53930,25799
2001.08.26,00:00,1.53900,1.55240,1.53720,1.55120,21523
2001.09.02,00:00,1.54960,1.56910,1.54530,1.56560,19800
2001.09.09,00:00,1.56580,1.57310,1.55590,1.56420,17974
2001.09.16,00:00,1.56430,1.57470,1.56170,1.57140,26497
2001.09.23,00:00,1.57110,1.58180,1.56540,1.57910,20135
2001.09.30,00:00,1.57890,1.58030,1.56030,1.56200,18445
2001.10.07,00:00,1.56290,1.57080,1.55720,1.56290,18843
2001.10.14,00:00,1.56230,1.58060,1.55510,1.57440,19571
2001.10.21,00:00,1.57550,1.58110,1.56930,1.57640,19605
2001.10.28,00:00,1.57630,1.59770,1.57250,1.59070,19121
2001.11.04,00:00,1.59110,1.60580,1.58850,1.60330,17319
2001.11.11,00:00,1.60280,1.60540,1.58520,1.58990,17642
2001.11.18,00:00,1.58880,1.60320,1.58200,1.59780,38028
2001.11.25,00:00,1.59930,1.60250,1.56980,1.57300,47569
2001.12.02,00:00,1.57300,1.57860,1.56890,1.57550,43195
2001.12.09,00:00,1.57530,1.58020,1.55790,1.56080,33571
2001.12.16,00:00,1.55890,1.58700,1.55790,1.58600,35868
2001.12.23,00:00,1.58560,1.60600,1.58430,1.59110,21824
2001.12.30,00:00,1.58990,1.60010,1.58780,1.59570,22216
2002.01.06,00:00,1.59490,1.60540,1.59250,1.59640,38214
2002.01.13,00:00,1.59600,1.61730,1.58610,1.61460,37887
2002.01.20,00:00,1.61830,1.61960,1.59870,1.60970,23627
2002.01.27,00:00,1.61190,1.61420,1.58210,1.59060,22107
2002.02.03,00:00,1.58980,1.60950,1.58900,1.59860,32404
2002.02.10,00:00,1.59810,1.59970,1.58640,1.58950,28592
2002.02.17,00:00,1.59010,1.59860,1.58500,1.59710,27338
2002.02.24,00:00,1.59670,1.61300,1.59060,1.59300,43305
2002.03.03,00:00,1.59280,1.59430,1.57660,1.58680,32321
2002.03.10,00:00,1.58570,1.59860,1.58070,1.58400,34617
2002.03.17,00:00,1.58350,1.58870,1.57350,1.57730,39383
2002.03.24,00:00,1.57700,1.59830,1.57650,1.59570,39330
2002.03.31,00:00,1.59400,1.60300,1.58680,1.58990,41459
2002.04.07,00:00,1.58900,1.59940,1.58460,1.58520,42921
2002.04.14,00:00,1.58550,1.59230,1.56990,1.57220,46259
2002.04.21,00:00,1.57170,1.57650,1.56020,1.56220,39637
2002.04.28,00:00,1.56170,1.57120,1.55590,1.56330,44862
2002.05.05,00:00,1.56330,1.57290,1.55520,1.55830,36397
2002.05.12,00:00,1.55730,1.56340,1.54100,1.54640,52244
2002.05.19,00:00,1.54650,1.54700,1.53060,1.53280,48814
2002.05.26,00:00,1.53300,1.53880,1.52520,1.52810,41784
2002.06.02,00:00,1.53680,1.53920,1.52390,1.53240,48738
2002.06.09,00:00,1.53260,1.55290,1.53170,1.54680,41275
2002.06.16,00:00,1.54630,1.55210,1.51720,1.52040,47117
2002.06.23,00:00,1.52100,1.52490,1.50240,1.51880,55047
2002.06.30,00:00,1.51760,1.53500,1.51330,1.52300,45029
2002.07.07,00:00,1.52400,1.53460,1.51050,1.53370,50215
2002.07.14,00:00,1.53250,1.54630,1.52960,1.54330,52006
2002.07.21,00:00,1.54300,1.59670,1.53960,1.58650,75176
2002.07.28,00:00,1.58510,1.59280,1.56590,1.58480,59763
2002.08.04,00:00,1.58540,1.60540,1.56970,1.57280,63826
2002.08.11,00:00,1.57200,1.57740,1.55540,1.55910,54500
2002.08.18,00:00,1.55960,1.57520,1.55090,1.55630,62298
2002.08.25,00:00,1.55640,1.56510,1.54900,1.55920,21554
2002.09.01,00:00,1.55770,1.57460,1.55000,1.55920,54701
2002.09.08,00:00,1.55920,1.58850,1.55830,1.57990,58808
2002.09.15,00:00,1.57990,1.58720,1.56950,1.57330,57365
2002.09.22,00:00,1.57350,1.59180,1.57140,1.57880,58672
2002.09.29,00:00,1.57830,1.59550,1.57500,1.59190,16684
2002.10.06,00:00,1.59210,1.59950,1.58500,1.58670,19351
2002.10.13,00:00,1.58690,1.58990,1.56820,1.57360,16535
2002.10.20,00:00,1.57420,1.57550,1.55970,1.56750,16399
2002.10.27,00:00,1.56710,1.57110,1.55410,1.55830,18655
2002.11.03,00:00,1.55720,1.56710,1.55050,1.56520,18058
2002.11.10,00:00,1.56450,1.58510,1.56290,1.58440,18188
2002.11.17,00:00,1.58310,1.59190,1.57640,1.57770,17334
2002.11.24,00:00,1.57740,1.57880,1.56290,1.56500,16328
2002.12.01,00:00,1.56330,1.56960,1.55370,1.56480,17519
2002.12.08,00:00,1.56440,1.56520,1.55160,1.56140,17532
2002.12.15,00:00,1.56150,1.56450,1.54510,1.55090,18506
2002.12.22,00:00,1.55090,1.57210,1.54620,1.56840,13029
2002.12.29,00:00,1.56710,1.58050,1.56300,1.56360,14215
2003.01.05,00:00,1.56440,1.56600,1.54430,1.54580,18401
2003.01.12,00:00,1.54630,1.54670,1.52950,1.53490,19323
2003.01.19,00:00,1.53540,1.53840,1.51800,1.51870,10569
2003.01.26,00:00,1.51850,1.53660,1.51730,1.51980,12694
2003.02.02,00:00,1.52020,1.52690,1.51280,1.52060,11427
2003.02.09,00:00,1.52160,1.53340,1.51330,1.52250,16959
2003.02.16,00:00,1.52320,1.52590,1.50300,1.50420,16864
2003.02.23,00:00,1.50400,1.50450,1.48260,1.48340,20089
2003.03.02,00:00,1.48340,1.48870,1.46040,1.46530,23399
2003.03.09,00:00,1.46650,1.49020,1.45820,1.47310,21938
2003.03.16,00:00,1.47330,1.49510,1.46620,1.49330,23067
2003.03.23,00:00,1.48820,1.49260,1.46120,1.47220,23139
2003.03.30,00:00,1.47180,1.48070,1.46380,1.47180,22416
2003.04.06,00:00,1.47530,1.49460,1.44910,1.45310,24518
2003.04.13,00:00,1.45240,1.45950,1.44570,1.45060,18521
2003.04.20,00:00,1.44990,1.46720,1.44270,1.44660,22454
2003.04.27,00:00,1.44650,1.45490,1.41560,1.41880,24091
2003.05.04,00:00,1.41860,1.42220,1.38140,1.39350,24111
2003.05.11,00:00,1.39100,1.39480,1.36210,1.36620,21649
2003.05.18,00:00,1.35590,1.38320,1.34040,1.37460,30738
2003.05.25,00:00,1.37990,1.39270,1.36210,1.36680,26732
2003.06.01,00:00,1.37220,1.37900,1.33840,1.35430,29439
2003.06.08,00:00,1.35960,1.36830,1.33340,1.33380,24092
2003.06.15,00:00,1.33400,1.36360,1.33050,1.35990,26822
2003.06.22,00:00,1.35920,1.36730,1.33850,1.34700,26812
2003.06.29,00:00,1.34680,1.36250,1.33340,1.34030,23336
2003.07.06,00:00,1.34030,1.38880,1.33720,1.37670,28619
2003.07.13,00:00,1.37650,1.41400,1.37100,1.40670,25061
2003.07.20,00:00,1.40780,1.41950,1.37800,1.38070,28773
2003.07.27,00:00,1.38110,1.41100,1.37730,1.39860,27992
2003.08.03,00:00,1.39840,1.41180,1.38950,1.39180,27548
2003.08.10,00:00,1.39120,1.40010,1.37580,1.38700,49009
2003.08.17,00:00,1.38680,1.41710,1.38450,1.40090,53133
2003.08.24,00:00,1.40150,1.40860,1.38410,1.38700,45078
2003.08.31,00:00,1.38570,1.39800,1.36520,1.36850,18405
2003.09.07,00:00,1.36840,1.37760,1.36090,1.36530,14065
2003.09.14,00:00,1.36420,1.37460,1.34620,1.34850,11774
2003.09.21,00:00,1.34280,1.35900,1.33650,1.35330,18830
2003.09.28,00:00,1.35390,1.36420,1.33690,1.34400,19600
2003.10.05,00:00,1.34510,1.34850,1.31850,1.32110,18152
2003.10.12,00:00,1.32010,1.33150,1.31110,1.31580,17512
2003.10.19,00:00,1.31440,1.32560,1.30160,1.30750,15836
2003.10.26,00:00,1.30680,1.32300,1.30520,1.31970,16728
2003.11.02,00:00,1.32010,1.34410,1.31980,1.32220,19184
2003.11.09,00:00,1.32380,1.32490,1.29510,1.30260,18274
2003.11.16,00:00,1.30280,1.31800,1.29650,1.30220,20682
2003.11.23,00:00,1.30280,1.32270,1.29300,1.30070,19546
2003.11.30,00:00,1.29800,1.31490,1.29430,1.30540,19391
2003.12.07,00:00,1.30560,1.33050,1.29540,1.31580,20148
2003.12.14,00:00,1.32570,1.34240,1.31020,1.33630,24807
2003.12.21,00:00,1.33570,1.33850,1.30280,1.30850,11695
2003.12.28,00:00,1.31040,1.31580,1.28360,1.28810,15404
2004.01.04,00:00,1.28760,1.29550,1.26800,1.27170,22901
2004.01.11,00:00,1.27020,1.30280,1.26850,1.29880,20900
2004.01.18,00:00,1.29950,1.31990,1.28520,1.31330,22020
2004.01.25,00:00,1.31340,1.33640,1.30360,1.32510,22819
2004.02.01,00:00,1.32470,1.34420,1.32340,1.32410,17628
2004.02.08,00:00,1.32810,1.33470,1.30650,1.31690,18335
2004.02.15,00:00,1.31740,1.35150,1.30760,1.33480,19339
2004.02.22,00:00,1.33710,1.35050,1.32560,1.33420,23088
2004.02.29,00:00,1.33710,1.35910,1.31550,1.32200,24413
2004.03.07,00:00,1.32220,1.33900,1.31620,1.33390,22346
2004.03.14,00:00,1.33520,1.34450,1.32410,1.33420,20335
2004.03.21,00:00,1.33410,1.34350,1.31650,1.31790,20380
2004.03.28,00:00,1.31900,1.32170,1.30070,1.31460,19193
2004.04.04,00:00,1.31420,1.33020,1.30340,1.32960,15171
2004.04.11,00:00,1.32830,1.34990,1.32620,1.34470,20015
2004.04.18,00:00,1.34530,1.36580,1.34230,1.36130,19390
2004.04.25,00:00,1.36180,1.37970,1.34650,1.37230,21651
2004.05.02,00:00,1.37210,1.38710,1.36270,1.38260,18734
2004.05.09,00:00,1.38450,1.39910,1.38270,1.38930,16724
2004.05.16,00:00,1.39050,1.40060,1.36640,1.37310,20128
2004.05.23,00:00,1.37210,1.37850,1.35540,1.36240,20390
2004.05.30,00:00,1.36130,1.37250,1.34770,1.35100,18063
2004.06.06,00:00,1.34930,1.36950,1.33930,1.36390,15730
2004.06.13,00:00,1.36450,1.38230,1.36200,1.36390,21185
2004.06.20,00:00,1.36240,1.36800,1.34050,1.35030,18122
2004.06.27,00:00,1.34980,1.35360,1.32280,1.32400,28951
2004.07.04,00:00,1.32370,1.32890,1.31390,1.31800,27818
2004.07.11,00:00,1.31790,1.33050,1.30590,1.31130,32502
2004.07.18,00:00,1.30970,1.32730,1.30510,1.32110,33990
2004.07.25,00:00,1.32090,1.33870,1.31520,1.33140,38153
2004.08.01,00:00,1.32780,1.33500,1.30700,1.31250,30501
2004.08.08,00:00,1.31140,1.33390,1.30750,1.30940,31959
2004.08.15,00:00,1.30890,1.31310,1.29550,1.29820,26655
2004.08.22,00:00,1.29860,1.31580,1.29730,1.31290,28150
2004.08.29,00:00,1.31350,1.32510,1.29600,1.29930,25118
2004.09.05,00:00,1.30050,1.30170,1.28450,1.29130,22331
2004.09.12,00:00,1.29040,1.30550,1.28800,1.29710,24517
2004.09.19,00:00,1.29780,1.30260,1.27180,1.27400,26793
2004.09.26,00:00,1.27520,1.27780,1.25860,1.26130,33621
2004.10.03,00:00,1.26280,1.27590,1.24930,1.25170,33556
2004.10.10,00:00,1.25060,1.26920,1.25030,1.25300,30785
2004.10.17,00:00,1.25360,1.26210,1.23260,1.23380,34139
2004.10.24,00:00,1.23170,1.23510,1.21550,1.21780,40307
2004.10.31,00:00,1.21870,1.22870,1.19570,1.19760,35003
2004.11.07,00:00,1.19470,1.20360,1.19010,1.19280,33037
2004.11.14,00:00,1.19360,1.20900,1.18720,1.19450,34513
2004.11.21,00:00,1.19340,1.19780,1.17150,1.17740,27863
2004.11.28,00:00,1.17830,1.20130,1.17760,1.19070,36889
2004.12.05,00:00,1.19130,1.23480,1.19060,1.22600,33907
2004.12.12,00:00,1.22680,1.24110,1.21840,1.22890,31985
2004.12.19,00:00,1.22710,1.24690,1.22180,1.23060,22402
2004.12.26,00:00,1.23210,1.23350,1.19660,1.20130,19537
2005.01.02,00:00,1.20150,1.23990,1.20020,1.23160,33444
2005.01.09,00:00,1.23370,1.23420,1.19450,1.21780,41003
2005.01.16,00:00,1.21720,1.23690,1.21200,1.22220,37811
2005.01.23,00:00,1.22180,1.24720,1.21400,1.23880,35990
2005.01.30,00:00,1.24060,1.25050,1.23060,1.24940,32463
2005.02.06,00:00,1.24950,1.25860,1.23570,1.23650,31139
2005.02.13,00:00,1.23690,1.24540,1.22620,1.23140,32679
2005.02.20,00:00,1.23180,1.25010,1.22340,1.23850,30522
2005.02.27,00:00,1.23920,1.24950,1.22740,1.23160,20167
2005.03.06,00:00,1.23180,1.23520,1.19930,1.20540,27334
2005.03.13,00:00,1.20350,1.21010,1.19770,1.20200,18720
2005.03.20,00:00,1.20240,1.21990,1.19820,1.21830,21048
2005.03.27,00:00,1.21850,1.22670,1.20540,1.21510,21639
2005.04.03,00:00,1.21650,1.23220,1.21500,1.22910,20351
2005.04.10,00:00,1.22920,1.24800,1.22350,1.24670,22470
2005.04.17,00:00,1.24560,1.24990,1.23150,1.23480,24157
2005.04.24,00:00,1.23340,1.26200,1.23320,1.25850,24974
2005.05.01,00:00,1.25920,1.26390,1.23860,1.24230,20096
2005.05.08,00:00,1.24180,1.26590,1.23560,1.26520,20392
2005.05.15,00:00,1.26530,1.27340,1.25540,1.26610,24218
2005.05.22,00:00,1.26600,1.26960,1.25110,1.25420,27512
2005.05.29,00:00,1.25650,1.26330,1.24240,1.24690,30066
2005.06.05,00:00,1.24670,1.25890,1.24240,1.25150,28724
2005.06.12,00:00,1.25030,1.25930,1.22840,1.22860,29915
2005.06.19,00:00,1.23140,1.24290,1.22670,1.23370,31858
2005.06.26,00:00,1.23410,1.24330,1.22320,1.24210,35603
2005.07.03,00:00,1.24440,1.24790,1.21720,1.21920,32013
2005.07.10,00:00,1.21940,1.22210,1.20200,1.22050,35345
2005.07.17,00:00,1.22060,1.22500,1.21070,1.21920,32019
2005.07.24,00:00,1.21970,1.24300,1.21520,1.22340,34637
2005.07.31,00:00,1.22230,1.22630,1.20650,1.21630,28168
2005.08.07,00:00,1.21650,1.21930,1.19220,1.19720,28828
2005.08.14,00:00,1.19590,1.22220,1.19380,1.21110,29716
2005.08.21,00:00,1.21020,1.21340,1.18600,1.19950,31791
2005.08.28,00:00,1.19750,1.20340,1.18060,1.18830,38718
2005.09.04,00:00,1.18820,1.19450,1.17250,1.17710,23959
2005.09.11,00:00,1.17610,1.18970,1.17600,1.17840,20969
2005.09.18,00:00,1.18140,1.18290,1.16230,1.17110,26157
2005.09.25,00:00,1.17320,1.18160,1.15870,1.16190,23721
2005.10.02,00:00,1.16200,1.18650,1.16180,1.17520,23312
2005.10.09,00:00,1.17510,1.18920,1.16830,1.18510,17851
2005.10.16,00:00,1.18570,1.18820,1.17090,1.18810,21250
2005.10.23,00:00,1.18740,1.19220,1.16410,1.17750,20626
2005.10.30,00:00,1.17740,1.18640,1.17140,1.18360,22557
2005.11.06,00:00,1.18530,1.19720,1.18020,1.18960,20888
2005.11.13,00:00,1.19020,1.19750,1.18520,1.19000,23330
2005.11.20,00:00,1.18810,1.19070,1.16740,1.16920,18115
2005.11.27,00:00,1.16910,1.17330,1.16020,1.16100,21049
2005.12.04,00:00,1.16140,1.16400,1.15340,1.15720,16855
2005.12.11,00:00,1.15870,1.16120,1.14260,1.15900,21030
2005.12.18,00:00,1.15940,1.17520,1.15790,1.16640,18920
2005.12.25,00:00,1.16690,1.17460,1.16050,1.16230,13692
2006.01.01,00:00,1.16330,1.17240,1.14520,1.16490,20762
2006.01.08,00:00,1.16540,1.17440,1.15600,1.16020,20347
2006.01.15,00:00,1.15870,1.17950,1.15200,1.15260,21682
2006.01.22,00:00,1.15410,1.15790,1.14520,1.14940,23199
2006.01.29,00:00,1.14820,1.15000,1.13780,1.14490,24134
2006.02.05,00:00,1.14250,1.15620,1.14210,1.15350,29956
2006.02.12,00:00,1.15360,1.16120,1.14980,1.15110,25137
2006.02.19,00:00,1.15050,1.15560,1.14500,1.14860,24309
2006.02.26,00:00,1.14980,1.15080,1.12970,1.13470,27086
2006.03.05,00:00,1.13480,1.16480,1.13360,1.16120,30908
2006.03.12,00:00,1.16010,1.16350,1.15090,1.15870,27141
2006.03.19,00:00,1.15910,1.17200,1.15700,1.16840,27721
2006.03.26,00:00,1.16680,1.17450,1.15740,1.16810,28086
2006.04.02,00:00,1.16890,1.17700,1.14370,1.14830,28567
2006.04.09,00:00,1.14770,1.15330,1.14260,1.15130,20213
2006.04.16,00:00,1.15190,1.15360,1.13500,1.13740,21748
2006.04.23,00:00,1.13560,1.13970,1.11610,1.11790,23523
2006.04.30,00:00,1.11740,1.11880,1.10120,1.10680,25431
2006.05.07,00:00,1.10530,1.11640,1.09750,1.10910,28739
2006.05.14,00:00,1.10860,1.12730,1.10120,1.12050,30618
2006.05.21,00:00,1.12030,1.12670,1.10480,1.10710,28056
2006.05.28,00:00,1.10410,1.10980,1.09300,1.10090,23055
2006.06.04,00:00,1.10120,1.12420,1.09760,1.10530,25422
2006.06.11,00:00,1.10610,1.12480,1.09610,1.12220,29701
2006.06.18,00:00,1.12190,1.12870,1.10320,1.12340,27776
2006.06.25,00:00,1.12080,1.12680,1.10790,1.11610,29416
2006.07.02,00:00,1.11660,1.11870,1.10410,1.11410,24539
2006.07.09,00:00,1.11430,1.14000,1.11310,1.12850,26076
2006.07.16,00:00,1.12770,1.14050,1.12620,1.13830,24512
2006.07.23,00:00,1.13720,1.14580,1.12810,1.13180,24545
2006.07.30,00:00,1.13020,1.13700,1.12210,1.12810,22849
2006.08.06,00:00,1.12690,1.12820,1.11720,1.12350,22911
2006.08.13,00:00,1.12540,1.13180,1.11420,1.12500,24493
2006.08.20,00:00,1.12510,1.12540,1.10500,1.10920,20238
2006.08.27,00:00,1.10880,1.11280,1.10290,1.10450,18923
2006.09.03,00:00,1.10430,1.12070,1.10400,1.12000,17523
2006.09.10,00:00,1.12100,1.12330,1.11190,1.11880,21055
2006.09.17,00:00,1.11900,1.12940,1.11180,1.11740,23043
2006.09.24,00:00,1.11730,1.11890,1.10850,1.11730,21171
2006.10.01,00:00,1.11770,1.13060,1.11430,1.12600,25996
2006.10.08,00:00,1.12610,1.13850,1.12100,1.13720,20524
2006.10.15,00:00,1.13700,1.14140,1.12020,1.12480,24052
2006.10.22,00:00,1.12490,1.13220,1.11770,1.11890,19672
2006.10.29,00:00,1.11970,1.13720,1.11770,1.12900,23941
2006.11.05,00:00,1.12910,1.13630,1.12560,1.13110,19537
2006.11.12,00:00,1.13130,1.14730,1.13030,1.14630,20561
2006.11.19,00:00,1.14650,1.14930,1.13060,1.13530,18912
2006.11.26,00:00,1.13450,1.14650,1.12860,1.14470,22234
2006.12.03,00:00,1.14350,1.15160,1.13760,1.14870,22095
2006.12.10,00:00,1.14910,1.15880,1.14510,1.15720,22495
2006.12.17,00:00,1.15770,1.15860,1.14290,1.15650,20418
2006.12.24,00:00,1.15730,1.16670,1.15700,1.16600,10067
2006.12.31,00:00,1.16350,1.17870,1.16240,1.17210,16278
2007.01.07,00:00,1.17330,1.18020,1.16840,1.16850,22541
2007.01.14,00:00,1.16860,1.17730,1.16440,1.17170,19878
2007.01.21,00:00,1.17240,1.18500,1.17130,1.17960,23210
2007.01.28,00:00,1.17950,1.18700,1.17360,1.18510,17142
2007.02.04,00:00,1.18520,1.18750,1.17130,1.17230,14377
2007.02.11,00:00,1.17360,1.17680,1.16190,1.16290,17911
2007.02.18,00:00,1.16370,1.17160,1.15630,1.15890,15058
2007.02.25,00:00,1.15950,1.17720,1.15740,1.17690,18039
2007.03.04,00:00,1.17700,1.18240,1.17030,1.17230,12653
2007.03.11,00:00,1.17200,1.17780,1.16800,1.17550,11333
2007.03.18,00:00,1.17640,1.17870,1.15340,1.16040,17500
2007.03.25,00:00,1.16060,1.16340,1.14980,1.15380,16970
2007.04.01,00:00,1.15200,1.15980,1.14850,1.15110,12604
2007.04.08,00:00,1.15030,1.15300,1.13290,1.13760,14829
2007.04.15,00:00,1.13640,1.13660,1.12130,1.12360,15785
2007.04.22,00:00,1.12230,1.12460,1.11280,1.11620,17329
2007.04.29,00:00,1.11610,1.11950,1.10310,1.10760,17642
2007.05.06,00:00,1.10700,1.11670,1.10040,1.11040,16527
2007.05.13,00:00,1.11080,1.11250,1.08750,1.08840,17802
2007.05.20,00:00,1.08910,1.08980,1.07750,1.08020,17848
2007.05.27,00:00,1.07960,1.08340,1.05980,1.06060,17184
2007.06.03,00:00,1.06120,1.07120,1.05470,1.06060,18810
2007.06.10,00:00,1.06100,1.07380,1.05890,1.06770,19476
2007.06.17,00:00,1.06790,1.07570,1.06140,1.06820,18750
2007.06.24,00:00,1.06860,1.07330,1.04680,1.06520,20765
2007.07.01,00:00,1.06300,1.06360,1.04600,1.04930,15784
2007.07.08,00:00,1.04870,1.06100,1.04420,1.04750,18957
2007.07.15,00:00,1.04820,1.04960,1.03990,1.04840,15777
2007.07.22,00:00,1.04860,1.06460,1.03390,1.06400,23483
2007.07.29,00:00,1.06440,1.06980,1.05000,1.05680,25001
2007.08.05,00:00,1.05660,1.06420,1.04610,1.05300,24775
2007.08.12,00:00,1.05380,1.08660,1.04840,1.05970,37029
2007.08.19,00:00,1.06110,1.06640,1.04740,1.05190,26866
2007.08.26,00:00,1.05210,1.06760,1.04690,1.05550,24890
2007.09.02,00:00,1.05540,1.05810,1.04700,1.05490,20073
2007.09.09,00:00,1.05430,1.05910,1.02760,1.02980,28092
2007.09.16,00:00,1.03030,1.03110,0.99340,1.00060,28650
2007.09.23,00:00,0.99950,1.00940,0.99120,0.99210,25628
2007.09.30,00:00,0.99250,1.00150,0.97860,0.98050,25513
2007.10.07,00:00,0.98090,0.98950,0.97160,0.97170,21751
2007.10.14,00:00,0.97160,0.98210,0.96320,0.96670,26321
2007.10.21,00:00,0.96630,0.98240,0.95880,0.96210,29266
2007.10.28,00:00,0.96150,0.96260,0.93250,0.93430,32808
2007.11.04,00:00,0.93590,0.94460,0.90560,0.94460,39751
2007.11.11,00:00,0.94650,0.98850,0.94310,0.97340,42295
2007.11.18,00:00,0.97500,0.99230,0.97030,0.98800,31626
2007.11.25,00:00,0.98620,1.00170,0.97990,0.99900,32591
2007.12.02,00:00,0.99910,1.02130,0.99740,1.00530,26990
2007.12.09,00:00,1.00420,1.02480,1.00040,1.01700,26591
2007.12.16,00:00,1.01780,1.02250,0.99100,0.99150,26559
2007.12.23,00:00,0.99140,0.99330,0.97520,0.98120,13522
2007.12.30,00:00,0.98000,1.00420,0.97610,1.00260,18234
2008.01.06,00:00,1.00230,1.02190,0.99650,1.01870,28674
2008.01.13,00:00,1.02010,1.03070,1.01240,1.02710,27179
2008.01.20,00:00,1.02630,1.03780,1.00150,1.00800,36959
2008.01.27,00:00,1.00790,1.01180,0.98710,0.99510,30285
2008.02.03,00:00,0.99400,1.01260,0.99210,0.99870,26792
2008.02.10,00:00,0.99920,1.01120,0.99200,1.00660,23767
2008.02.17,00:00,1.00890,1.01980,1.00210,1.01250,28823
2008.02.24,00:00,1.01240,1.01280,0.97090,0.98750,33668
2008.03.02,00:00,0.98620,0.99760,0.97420,0.99060,32645
2008.03.09,00:00,0.98990,0.99810,0.97960,0.98880,31613
2008.03.16,00:00,0.98620,1.02930,0.98600,1.02330,34802
2008.03.23,00:00,1.02570,1.03070,1.00940,1.02240,27806
2008.03.30,00:00,1.02250,1.03260,1.00180,1.00840,30572
2008.04.06,00:00,1.00910,1.02470,1.00380,1.02330,22496
2008.04.13,00:00,1.02670,1.02730,0.99870,1.00400,27063
2008.04.20,00:00,1.00480,1.02140,0.99970,1.01350,24595
2008.04.27,00:00,1.01290,1.02420,1.00360,1.01930,26962
2008.05.04,00:00,1.01980,1.01980,0.99980,1.00510,25578
2008.05.11,00:00,1.00630,1.01050,0.99420,0.99910,25445
2008.05.18,00:00,0.99930,1.00000,0.98180,0.98970,25410
2008.05.25,00:00,0.98830,0.99780,0.98230,0.99330,27971
2008.06.01,00:00,0.99530,1.02190,0.99270,1.01940,29700
2008.06.08,00:00,1.01850,1.03220,1.01500,1.02920,26900
2008.06.15,00:00,1.02890,1.02980,1.01000,1.01620,23114
2008.06.22,00:00,1.01650,1.01920,1.00480,1.01050,22613
2008.06.29,00:00,1.01070,1.02380,1.00610,1.01950,27068
2008.07.06,00:00,1.01890,1.02310,1.00670,1.00910,28425
2008.07.13,00:00,1.00710,1.01380,0.99740,1.00560,28098
2008.07.20,00:00,1.00630,1.02060,0.99900,1.01960,32061
2008.07.27,00:00,1.01870,1.02960,1.01730,1.02710,27821
2008.08.03,00:00,1.02650,1.06960,1.02610,1.06650,32039
2008.08.10,00:00,1.06790,1.07270,1.05620,1.05910,34553
2008.08.17,00:00,1.05920,1.06680,1.04180,1.04690,26945
2008.08.24,00:00,1.04790,1.06440,1.04100,1.06390,31421
2008.08.31,00:00,1.06150,1.07760,1.05410,1.06210,42378
2008.09.07,00:00,1.05600,1.08190,1.05500,1.05990,46873
2008.09.14,00:00,1.06350,1.08080,1.04290,1.04600,59684
2008.09.21,00:00,1.04810,1.05140,1.02970,1.03340,38259
2008.09.28,00:00,1.03620,1.08420,1.03330,1.08250,52029
2008.10.05,00:00,1.08390,1.21290,1.08140,1.17300,76531
2008.10.12,00:00,1.16680,1.19950,1.13040,1.18240,77687
2008.10.19,00:00,1.18260,1.28390,1.17400,1.27740,76916
2008.10.26,00:00,1.27460,1.30150,1.19000,1.21230,109476
2008.11.02,00:00,1.21100,1.21150,1.14640,1.18910,71845
2008.11.09,00:00,1.18170,1.24450,1.16580,1.23680,75313
2008.11.16,00:00,1.23800,1.29840,1.21090,1.26660,71436
2008.11.23,00:00,1.26650,1.27730,1.21250,1.23960,66657
2008.11.30,00:00,1.23720,1.30050,1.23040,1.27010,59656
2008.12.07,00:00,1.27390,1.27520,1.21580,1.24760,53656
2008.12.14,00:00,1.24570,1.24640,1.18180,1.21500,64800
2008.12.21,00:00,1.21710,1.22500,1.19850,1.22140,31695
2008.12.28,00:00,1.21990,1.23450,1.20470,1.20480,32419
2009.01.04,00:00,1.20510,1.22230,1.17610,1.18510,62376
2009.01.11,00:00,1.18970,1.26730,1.18810,1.24310,91907
2009.01.18,00:00,1.23820,1.27650,1.22680,1.23100,90553
2009.01.25,00:00,1.23390,1.24150,1.20240,1.22930,96160
2009.02.01,00:00,1.22700,1.25370,1.21870,1.21910,82772
2009.02.08,00:00,1.21881,1.25470,1.21297,1.23520,84743
2009.02.15,00:00,1.24000,1.26720,1.23930,1.25180,65805
2009.02.22,00:00,1.25105,1.27589,1.23555,1.27589,133856
2009.03.01,00:00,1.27755,1.29729,1.27090,1.28705,118410
2009.03.08,00:00,1.28430,1.30630,1.26235,1.27155,101998
2009.03.15,00:00,1.27818,1.27818,1.21909,1.24050,152650
2009.03.22,00:00,1.23660,1.24435,1.22005,1.24190,128100
2009.03.29,00:00,1.24090,1.27135,1.22935,1.22960,119978
2009.04.05,00:00,1.22941,1.24828,1.22099,1.22563,121932
2009.04.12,00:00,1.22519,1.22978,1.19810,1.21313,126884
2009.04.19,00:00,1.21378,1.25038,1.20708,1.20948,107999
2009.04.26,00:00,1.21082,1.22663,1.18283,1.18513,128152
2009.05.03,00:00,1.18708,1.18973,1.14892,1.14923,149913
2009.05.10,00:00,1.14908,1.18049,1.14750,1.17748,131168
2009.05.17,00:00,1.17843,1.18140,1.11874,1.11934,189664
2009.05.24,00:00,1.12131,1.13540,1.08905,1.09080,217581
2009.05.31,00:00,1.09037,1.12064,1.07842,1.11891,293491
2009.06.07,00:00,1.12038,1.12892,1.09404,1.11876,267681
2009.06.14,00:00,1.11953,1.14476,1.11818,1.13481,220455
2009.06.21,00:00,1.13478,1.16362,1.13343,1.15247,244515
2009.06.28,00:00,1.15233,1.16537,1.14391,1.16058,181107
2009.07.05,00:00,1.16195,1.17232,1.15425,1.16376,206162
2009.07.12,00:00,1.16201,1.16700,1.11163,1.11332,201721
2009.07.19,00:00,1.11510,1.11528,1.07935,1.08657,211337
2009.07.26,00:00,1.08571,1.09327,1.07492,1.07750,224203
2009.08.02,00:00,1.07700,1.08651,1.06318,1.08107,190283
2009.08.09,00:00,1.08262,1.10745,1.07925,1.09806,207870
2009.08.16,00:00,1.09936,1.11238,1.07623,1.08100,213915
2009.08.23,00:00,1.07918,1.10189,1.07184,1.09160,187353
2009.08.30,00:00,1.09167,1.11013,1.08233,1.08852,190965
2009.09.06,00:00,1.08622,1.08782,1.06725,1.07663,167665
2009.09.13,00:00,1.07698,1.09253,1.05900,1.06896,183714
2009.09.20,00:00,1.07019,1.09815,1.06596,1.09087,193732
2009.09.27,00:00,1.09138,1.09912,1.06707,1.07958,214947
2009.10.04,00:00,1.08081,1.08226,1.04101,1.04200,213760
2009.10.11,00:00,1.04312,1.04513,1.02057,1.03682,229286
2009.10.18,00:00,1.03923,1.05823,1.02654,1.05364,244517
2009.10.25,00:00,1.05066,1.08460,1.05007,1.08441,250723
2009.11.01,00:00,1.08421,1.08679,1.05933,1.07504,236517
2009.11.08,00:00,1.07170,1.07468,1.04158,1.05189,201629
2009.11.15,00:00,1.05359,1.07327,1.04258,1.07030,203043
2009.11.22,00:00,1.07011,1.07488,1.04491,1.06154,199529
2009.11.29,00:00,1.05749,1.06164,1.04057,1.05779,225151
2009.12.06,00:00,1.05586,1.06696,1.04785,1.05979,228339
2009.12.13,00:00,1.06010,1.07463,1.05515,1.06632,220367
2009.12.20,00:00,1.06639,1.06982,1.04469,1.04961,122999
2009.12.27,00:00,1.04896,1.05773,1.03653,1.04566,91669
2010.01.03,00:00,1.05178,1.05185,1.02911,1.02962,194224
2010.01.10,00:00,1.02786,1.04137,1.02235,1.02881,193516
2010.01.17,00:00,1.02991,1.06021,1.02476,1.05755,201171
2010.01.24,00:00,1.05797,1.07039,1.05320,1.07008,235611
2010.01.31,00:00,1.07039,1.07804,1.05455,1.07139,225807
2010.02.07,00:00,1.06850,1.07710,1.04789,1.05014,252219
2010.02.14,00:00,1.05086,1.05312,1.03876,1.03895,199182
2010.02.21,00:00,1.03810,1.06800,1.03694,1.05140,247385
2010.02.28,00:00,1.05433,1.05732,1.02608,1.02877,262031
2010.03.07,00:00,1.02795,1.03214,1.01547,1.01902,208244
2010.03.14,00:00,1.01715,1.02321,1.00615,1.01699,219097
2010.03.21,00:00,1.01585,1.03026,1.01464,1.02636,221619
2010.03.28,00:00,1.02546,1.02724,1.00658,1.01067,170478
2010.04.04,00:00,1.00825,1.01049,0.99768,1.00254,157197
2010.04.11,00:00,1.00196,1.01635,0.99528,1.01260,231063
2010.04.18,00:00,1.01426,1.02154,0.99297,0.99875,234257
2010.04.25,00:00,0.99961,1.01965,0.99707,1.01772,227422
2010.05.02,00:00,1.01718,1.07393,1.00994,1.04365,300143
2010.05.09,00:00,1.03436,1.03909,1.01094,1.03562,289388
2010.05.16,00:00,1.03377,1.07503,1.02453,1.05941,335659
2010.05.23,00:00,1.06037,1.08522,1.04434,1.05409,304214
2010.05.30,00:00,1.05210,1.06264,1.03333,1.06264,259750
2010.06.06,00:00,1.06235,1.06781,1.02865,1.03247,295525
2010.06.13,00:00,1.03295,1.03612,1.02058,1.02157,233135
2010.06.20,00:00,1.01752,1.04694,1.01378,1.03487,238867
2010.06.27,00:00,1.03396,1.06731,1.03198,1.06221,256151
2010.07.04,00:00,1.06155,1.06758,1.02952,1.03365,194954
2010.07.11,00:00,1.03186,1.05785,1.02754,1.05781,209665
2010.07.18,00:00,1.05485,1.05863,1.03457,1.03553,219429
2010.07.25,00:00,1.03734,1.03941,1.02548,1.02921,184145
2010.08.01,00:00,1.02836,1.03053,1.01064,1.02716,217949
2010.08.08,00:00,1.02676,1.04933,1.02555,1.04171,228052
2010.08.15,00:00,1.04109,1.05139,1.02471,1.04735,237730
2010.08.22,00:00,1.04919,1.06673,1.04443,1.05048,271184
2010.08.29,00:00,1.04899,1.06716,1.03800,1.03862,247138
2010.09.05,00:00,1.03948,1.05086,1.02868,1.03679,243645
2010.09.12,00:00,1.03314,1.03498,1.02153,1.03272,257391
2010.09.19,00:00,1.03190,1.03783,1.01903,1.02388,270893
2010.09.26,00:00,1.02418,1.03613,1.01862,1.01932,286106
2010.10.03,00:00,1.01882,1.02724,1.00617,1.01070,263327
2010.10.10,00:00,1.01010,1.01823,0.99795,1.01002,258225
2010.10.17,00:00,1.01165,1.03730,1.01163,1.02586,293063
2010.10.24,00:00,1.02535,1.03388,1.01537,1.01924,276854
2010.10.31,00:00,1.01885,1.02017,0.99907,0.99990,251057
2010.11.07,00:00,1.00041,1.01454,0.99773,1.01212,337599
2010.11.14,00:00,1.01051,1.02601,1.00560,1.01670,376141
2010.11.21,00:00,1.01623,1.02638,1.00758,1.02102,456624
2010.11.28,00:00,1.01643,1.02860,1.00024,1.00401,627676
2010.12.05,00:00,1.00319,1.01406,1.00113,1.00925,512008
2010.12.12,00:00,1.01004,1.01461,0.99999,1.01390,472511
2010.12.19,00:00,1.01215,1.02083,1.00490,1.00795,288761
2010.12.26,00:00,1.00777,1.01095,0.99243,0.99412,295031
2011.01.02,00:00,0.99460,1.00332,0.98878,0.99325,238033
2011.01.09,00:00,0.99312,0.99832,0.98478,0.99083,232488
2011.01.16,00:00,0.98798,1.00294,0.98361,0.99540,244921
2011.01.23,00:00,0.99332,1.00158,0.99109,1.00094,261034
2011.01.30,00:00,1.00152,1.00569,0.98306,0.98713,258744
2011.02.06,00:00,0.98799,0.99869,0.98570,0.98753,247164
2011.02.13,00:00,0.98924,0.99022,0.98154,0.98661,236956
2011.02.20,00:00,0.98534,0.99577,0.97724,0.97744,240516
2011.02.27,00:00,0.97840,0.97880,0.96833,0.97327,240415
2011.03.06,00:00,0.97298,0.98009,0.96666,0.97305,226279
2011.03.13,00:00,0.97302,0.99728,0.97090,0.98400,307991
2011.03.20,00:00,0.98474,0.98508,0.97307,0.97987,234240
2011.03.27,00:00,0.97990,0.98222,0.96254,0.96310,224804
2011.04.03,00:00,0.96343,0.96926,0.95255,0.95520,141201
2011.04.10,00:00,0.95491,0.96687,0.95421,0.95911,152323
2011.04.17,00:00,0.95853,0.97206,0.94533,0.95434,126912
2011.04.24,00:00,0.95208,0.95751,0.94452,0.94487,198056
2011.05.01,00:00,0.94460,0.97108,0.94440,0.96636,266877
2011.05.08,00:00,0.96600,0.97428,0.95128,0.96845,318769
2011.05.15,00:00,0.96876,0.97926,0.96390,0.97397,285128
2011.05.22,00:00,0.97379,0.98157,0.97296,0.97586,278921
2011.05.29,00:00,0.97740,0.98510,0.96548,0.97714,257332
2011.06.05,00:00,0.97760,0.98197,0.97117,0.97969,285649
2011.06.12,00:00,0.97890,0.98977,0.96694,0.97928,275968
2011.06.19,00:00,0.97940,0.98857,0.97006,0.98845,280618
2011.06.26,00:00,0.98684,0.99123,0.95796,0.95830,262341
2011.07.03,00:00,0.95920,0.96940,0.95668,0.96170,216037
2011.07.10,00:00,0.96133,0.97771,0.95194,0.95325,288415
2011.07.17,00:00,0.95430,0.96346,0.94230,0.94780,258960
2011.07.24,00:00,0.94823,0.95894,0.94060,0.95512,231704
2011.07.31,00:00,0.95590,0.98520,0.94900,0.98184,316026
2011.08.07,00:00,0.98145,1.00090,0.97651,0.98713,434763
2011.08.14,00:00,0.98700,0.99375,0.97738,0.98995,298956
2011.08.21,00:00,0.99015,0.99229,0.97909,0.98115,280772
2011.08.28,00:00,0.97967,0.98568,0.97249,0.98512,249717
2011.09.04,00:00,0.98615,0.99787,0.98284,0.99654,313861
2011.09.11,00:00,0.99717,1.00249,0.97790,0.97793,351223
2011.09.18,00:00,0.98130,1.03597,0.98012,1.02762,391389
2011.09.25,00:00,1.02760,1.05021,1.01431,1.05021,412917
2011.10.02,00:00,1.04876,1.06560,1.02351,1.03915,408122
2011.10.09,00:00,1.03900,1.03900,1.00933,1.00966,345218
2011.10.16,00:00,1.01083,1.02631,1.00434,1.00628,379660
2011.10.23,00:00,1.00680,1.02111,0.98912,0.99135,402098
2011.10.30,00:00,0.99201,1.02267,0.99122,1.01855,399462
2011.11.06,00:00,1.01643,1.02652,1.00770,1.00990,350726
2011.11.13,00:00,1.00788,1.03004,1.00786,1.02722,377269
2011.11.20,00:00,1.02654,1.05228,1.02647,1.04650,349828
2011.11.27,00:00,1.04282,1.04461,1.00791,1.01882,355077
2011.12.04,00:00,1.01647,1.02610,1.00508,1.01654,336363
2011.12.11,00:00,1.01890,1.04222,1.01826,1.03819,338753
2011.12.18,00:00,1.03637,1.04138,1.01799,1.01978,310652
2011.12.25,00:00,1.02227,1.02672,1.01254,1.02075,205401
2012.01.01,00:00,1.01995,1.02848,1.00756,1.02830,273577
2012.01.08,00:00,1.02734,1.03178,1.01382,1.02293,309813
2012.01.15,00:00,1.02447,1.02522,1.00694,1.01301,287174
2012.01.22,00:00,1.01427,1.01595,0.99807,1.00159,281938
2012.01.29,00:00,1.00094,1.00689,0.99262,0.99329,308855
2012.02.05,00:00,0.99419,1.00378,0.99249,1.00111,304445
2012.02.12,00:00,1.00059,1.00504,0.99375,0.99667,290049
2012.02.19,00:00,0.99285,1.00188,0.99053,0.99913,262041
2012.02.26,00:00,0.99940,1.00487,0.98408,0.98886,274117
2012.03.04,00:00,0.98923,1.00275,0.98716,0.99033,260301
2012.03.11,00:00,0.99054,0.99473,0.98794,0.99144,234792
2012.03.18,00:00,0.99109,1.00331,0.98594,0.99757,248066
2012.03.25,00:00,0.99804,1.00180,0.98990,0.99854,248182
2012.04.01,00:00,0.99536,0.99976,0.98871,0.99685,265247
2012.04.08,00:00,0.99721,1.00510,0.99253,0.99951,268868
2012.04.15,00:00,0.99853,1.00319,0.98648,0.99188,295958
2012.04.22,00:00,0.99223,0.99780,0.97988,0.98029,281635
2012.04.29,00:00,0.98020,0.99623,0.98020,0.99586,260170
2012.05.06,00:00,0.99556,1.00615,0.99224,1.00034,317601
2012.05.13,00:00,1.00019,1.02264,0.99894,1.02203,336644
2012.05.20,00:00,1.02204,1.03108,1.01509,1.02920,336242
2012.05.27,00:00,1.02630,1.04406,1.02063,1.04091,289392
2012.06.03,00:00,1.03827,1.04449,1.02098,1.02595,306197
2012.06.10,00:00,1.02215,1.03242,1.01995,1.02150,296604
2012.06.17,00:00,1.02068,1.02987,1.01585,1.02436,324327
2012.06.24,00:00,1.02703,1.03608,1.01640,1.01640,314483
2012.07.01,00:00,1.01622,1.02066,1.00999,1.01948,278175
2012.07.08,00:00,1.02040,1.02486,1.01287,1.01381,279304
2012.07.15,00:00,1.01328,1.01719,1.00648,1.01254,261722
2012.07.22,00:00,1.01391,1.02303,1.00299,1.00308,307754
2012.07.29,00:00,1.00385,1.00833,0.99789,1.00120,299211
2012.08.05,00:00,1.00139,1.00194,0.99050,0.99086,273070
2012.08.12,00:00,0.99143,0.99404,0.98587,0.98901,230305
2012.08.19,00:00,0.98892,0.99477,0.98415,0.99215,225436
2012.08.26,00:00,0.99238,0.99308,0.98417,0.98609,202942
2012.09.02,00:00,0.98767,0.99183,0.97645,0.97846,240385
2012.09.09,00:00,0.97734,0.97876,0.96319,0.97133,220483
2012.09.16,00:00,0.97032,0.98155,0.96923,0.97622,224638
2012.09.23,00:00,0.97623,0.98589,0.97523,0.98363,221689
2012.09.30,00:00,0.98320,0.98839,0.97343,0.97852,231843
2012.10.07,00:00,0.97860,0.98336,0.97431,0.98003,208326
2012.10.14,00:00,0.97860,0.99382,0.97633,0.99350,202137
2012.10.21,00:00,0.99330,0.99932,0.98879,0.99675,216133
2012.10.28,00:00,0.99789,1.00189,0.99207,0.99575,348759
2012.11.04,00:00,0.99562,1.00327,0.98736,1.00154,403745
2012.11.11,00:00,0.99985,1.00552,0.99843,1.00112,334318
2012.11.18,00:00,1.00058,1.00165,0.99143,0.99271,313239
2012.11.25,00:00,0.99262,0.99602,0.99046,0.99417,321111
2012.12.02,00:00,0.99390,0.99535,0.98754,0.98826,291916
2012.12.09,00:00,0.98710,0.98877,0.98239,0.98544,297635
2012.12.16,00:00,0.98606,0.99525,0.98312,0.99309,306072
2012.12.23,00:00,0.99320,0.99700,0.99075,0.99678,191467
2012.12.30,00:00,0.99624,0.99698,0.98360,0.98708,239178
2013.01.06,00:00,0.98644,0.98844,0.98151,0.98462,340187
2013.01.13,00:00,0.98413,0.99461,0.98306,0.99151,378091
2013.01.20,00:00,0.99198,1.00997,0.99026,1.00564,361470
2013.01.27,00:00,1.00637,1.00997,0.99564,0.99633,357221
2013.02.03,00:00,0.99649,1.00347,0.99318,1.00200,338266
2013.02.10,00:00,1.00247,1.00875,0.99986,1.00618,311687
2013.02.17,00:00,1.00712,1.02558,1.00564,1.02125,336246
2013.02.24,00:00,1.02186,1.03417,1.02162,1.02656,399432
2013.03.03,00:00,1.02729,1.03363,1.02333,1.02817,337301
2013.03.10,00:00,1.02826,1.02945,1.01802,1.01924,337408
2013.03.17,00:00,1.02249,1.02840,1.01997,1.02306,351651
2013.03.24,00:00,1.02319,1.02347,1.01455,1.01668,245475
2013.03.31,00:00,1.01751,1.02351,1.01046,1.01757,184159
2013.04.07,00:00,1.01798,1.02136,1.00827,1.01332,188246
2013.04.14,00:00,1.01428,1.02929,1.01325,1.02642,235687
2013.04.21,00:00,1.02547,1.02850,1.01572,1.01651,201060
2013.04.28,00:00,1.01665,1.01683,1.00509,1.00752,176759
2013.05.05,00:00,1.00709,1.01517,1.00131,1.00988,178030
2013.05.12,00:00,1.01180,1.03123,1.00816,1.02794,221564
2013.05.19,00:00,1.02830,1.03925,1.02165,1.03157,255021
2013.05.26,00:00,1.03070,1.04201,1.02943,1.03731,229492
2013.06.02,00:00,1.03731,1.03795,1.01673,1.01929,265096
2013.06.09,00:00,1.02175,1.02509,1.01367,1.01683,255153
2013.06.16,00:00,1.01733,1.04874,1.01491,1.04540,241963
2013.06.23,00:00,1.04802,1.05554,1.04236,1.05163,286935
2013.06.30,00:00,1.05281,1.06080,1.04720,1.05807,241958
2013.07.07,00:00,1.05829,1.05850,1.03256,1.03928,251942
2013.07.14,00:00,1.03855,1.04414,1.03551,1.03662,229416
2013.07.21,00:00,1.03633,1.03675,1.02548,1.02749,229444
2013.07.28,00:00,1.02826,1.04021,1.02453,1.03881,230259
2013.08.04,00:00,1.03865,1.04446,1.02745,1.02860,220126
2013.08.11,00:00,1.02978,1.03690,1.02799,1.03345,212471
2013.08.18,00:00,1.03408,1.05676,1.03150,1.04945,241426
2013.08.25,00:00,1.05090,1.05572,1.04714,1.05328,218463
2013.09.01,00:00,1.05295,1.05589,1.03814,1.04062,200682
2013.09.08,00:00,1.04134,1.04188,1.03052,1.03500,204796
2013.09.15,00:00,1.03189,1.03337,1.01820,1.03029,214600
2013.09.22,00:00,1.03066,1.03398,1.02702,1.03033,185854
2013.09.29,00:00,1.03164,1.03560,1.02745,1.02924,199078
2013.10.06,00:00,1.02959,1.04188,1.02913,1.03483,196995
2013.10.13,00:00,1.03689,1.03906,1.02768,1.02854,200385
2013.10.20,00:00,1.02902,1.04600,1.02706,1.04451,204094
2013.10.27,00:00,1.04485,1.04959,1.04110,1.04196,205072
2013.11.03,00:00,1.04178,1.05027,1.03970,1.04769,193628
2013.11.10,00:00,1.04819,1.05252,1.04365,1.04382,192925
2013.11.17,00:00,1.04366,1.05681,1.04143,1.05124,209795
2013.11.24,00:00,1.05301,1.06279,1.05204,1.06108,200093
2013.12.01,00:00,1.06207,1.07068,1.06131,1.06382,239061
2013.12.08,00:00,1.06451,1.06693,1.05605,1.05839,210563
2013.12.15,00:00,1.05909,1.07368,1.05717,1.06337,209220
2013.12.22,00:00,1.06385,1.07178,1.05812,1.07037,108807
2013.12.29,00:00,1.07021,1.07269,1.05880,1.06318,131880
2014.01.05,00:00,1.06338,1.09444,1.06084,1.08897,229259
2014.01.12,00:00,1.09056,1.09907,1.08418,1.09604,227009
2014.01.19,00:00,1.09637,1.11729,1.09290,1.10864,239838
2014.01.26,00:00,1.10655,1.12237,1.10311,1.11265,234838
2014.02.02,00:00,1.11141,1.11330,1.09673,1.10317,214736
2014.02.09,00:00,1.10382,1.10895,1.09398,1.09790,212612
2014.02.16,00:00,1.09851,1.11914,1.09096,1.11083,213459
2014.02.23,00:00,1.11046,1.11592,1.10401,1.10611,212782
2014.03.02,00:00,1.10773,1.11172,1.09549,1.10863,194804
2014.03.09,00:00,1.10890,1.11530,1.10431,1.11038,177592
2014.03.16,00:00,1.10966,1.12779,1.10253,1.12207,190660
2014.03.23,00:00,1.12269,1.12459,1.09999,1.10596,196873
2014.03.30,00:00,1.10623,1.10693,1.09565,1.09796,184876
2014.04.06,00:00,1.09790,1.10089,1.08574,1.09796,173368
2014.04.13,00:00,1.09760,1.10330,1.09417,1.10203,153509
2014.04.20,00:00,1.10226,1.10526,1.10004,1.10384,136714
2014.04.27,00:00,1.10382,1.10401,1.09354,1.09710,162223
2014.05.04,00:00,1.09797,1.09884,1.08136,1.08952,160552
2014.05.11,00:00,1.08987,1.09255,1.08516,1.08601,152445
2014.05.18,00:00,1.08611,1.09412,1.08494,1.08602,149620
2014.05.25,00:00,1.08700,1.08856,1.08215,1.08442,150416
2014.06.01,00:00,1.08390,1.09595,1.08387,1.09310,182677
2014.06.08,00:00,1.09233,1.09401,1.08408,1.08542,174477
2014.06.15,00:00,1.08549,1.08909,1.07511,1.07573,176054
2014.06.22,00:00,1.07601,1.07601,1.06592,1.06621,163365
2014.06.29,00:00,1.06650,1.06961,1.06201,1.06498,155589
2014.07.06,00:00,1.06475,1.07362,1.06302,1.07356,171187
2014.07.13,00:00,1.07349,1.07934,1.07087,1.07331,185008
2014.07.20,00:00,1.07308,1.08204,1.07099,1.08098,152349
2014.07.27,00:00,1.08159,1.09429,1.07963,1.09159,198886
2014.08.03,00:00,1.09179,1.09851,1.09030,1.09711,176855
2014.08.10,00:00,1.09696,1.09765,1.08596,1.08957,154964
2014.08.17,00:00,1.08855,1.09859,1.08747,1.09421,153925
2014.08.24,00:00,1.09638,1.09967,1.08101,1.08778,176619
2014.08.31,00:00,1.08735,1.09421,1.08206,1.08793,179113
2014.09.07,00:00,1.08774,1.10970,1.08771,1.10909,235786
2014.09.14,00:00,1.10866,1.10980,1.08862,1.09618,265797
2014.09.21,00:00,1.09680,1.11681,1.09257,1.11521,217854
2014.09.28,00:00,1.11570,1.12694,1.10709,1.12441,232383
2014.10.05,00:00,1.12492,1.12644,1.10809,1.11974,229645
2014.10.12,00:00,1.11785,1.13846,1.11766,1.12742,243798
2014.10.19,00:00,1.12859,1.12956,1.11838,1.12308,193443
2014.10.26,00:00,1.12369,1.13315,1.11215,1.12640,202052
2014.11.02,00:00,1.12827,1.14660,1.12629,1.13268,271225
2014.11.09,00:00,1.13237,1.14012,1.12641,1.12871,280820
2014.11.16,00:00,1.12827,1.13687,1.11909,1.12311,237785
2014.11.23,00:00,1.12335,1.14437,1.12240,1.14140,221801
2014.11.30,00:00,1.14293,1.14751,1.13128,1.14333,242248
2014.12.07,00:00,1.14368,1.15905,1.13967,1.15784,346763
2014.12.14,00:00,1.15930,1.16726,1.15478,1.16013,398962
2014.12.21,00:00,1.16008,1.16659,1.15770,1.16251,193491
2014.12.28,00:00,1.16138,1.17851,1.15643,1.17831,206857
2015.01.04,00:00,1.17803,1.18893,1.17306,1.18639,375044
2015.01.11,00:00,1.18602,1.20457,1.18028,1.19833,477056
2015.01.18,00:00,1.19776,1.24549,1.19331,1.24185,399676
2015.01.25,00:00,1.24393,1.27975,1.23796,1.27286,407999
2015.02.01,00:00,1.26992,1.27728,1.23516,1.25247,441353
2015.02.08,00:00,1.25350,1.26970,1.24218,1.24454,410856
2015.02.15,00:00,1.24392,1.25638,1.23623,1.25287,320000
2015.02.22,00:00,1.25274,1.26630,1.23870,1.25101,381782
2015.03.01,00:00,1.25010,1.26261,1.24064,1.26215,368723
2015.03.08,00:00,1.26174,1.28228,1.25726,1.27786,409991
2015.03.15,00:00,1.27906,1.28343,1.24507,1.25494,415260
2015.03.22,00:00,1.25423,1.26202,1.24096,1.26158,419438
2015.03.29,00:00,1.26018,1.27834,1.24290,1.24849,357176
2015.04.05,00:00,1.24740,1.26662,1.23873,1.25635,364976
2015.04.12,00:00,1.25820,1.26452,1.20876,1.22414,428192
2015.04.19,00:00,1.22100,1.23049,1.21024,1.21708,396772
2015.04.26,00:00,1.21890,1.22046,1.19448,1.21558,358874
2015.05.03,00:00,1.21520,1.21802,1.19399,1.20706,194940
2015.05.10,00:00,1.20803,1.21441,1.19192,1.20126,231497
2015.05.17,00:00,1.20051,1.23212,1.20033,1.22771,245513
2015.05.24,00:00,1.22847,1.25373,1.22745,1.24454,225185
2015.05.31,00:00,1.24386,1.25623,1.23666,1.24361,248402
2015.06.07,00:00,1.24342,1.24716,1.22013,1.23169,230213
2015.06.14,00:00,1.23112,1.23598,1.21269,1.22614,202185
2015.06.21,00:00,1.22512,1.24220,1.22174,1.23168,195800
2015.06.28,00:00,1.23334,1.26323,1.23035,1.25620,210026
2015.07.05,00:00,1.25937,1.27788,1.25624,1.26555,267474
2015.07.12,00:00,1.27013,1.30065,1.26797,1.29696,248732
2015.07.19,00:00,1.29740,1.31020,1.29159,1.30429,268055
2015.07.26,00:00,1.30387,1.30925,1.28605,1.30860,281006
2015.08.02,00:00,1.30890,1.32123,1.30479,1.31321,298865
2015.08.09,00:00,1.31178,1.31813,1.29514,1.30865,306289
2015.08.16,00:00,1.30917,1.31931,1.30236,1.31861,289430
2015.08.23,00:00,1.31798,1.33526,1.31397,1.32010,334089
2015.08.30,00:00,1.32086,1.33268,1.31167,1.32791,411229
2015.09.06,00:00,1.32584,1.33090,1.31541,1.32526,241126
2015.09.13,00:00,1.32534,1.32794,1.30116,1.32256,223041
2015.09.20,00:00,1.32292,1.34158,1.31756,1.33346,245880
2015.09.27,00:00,1.33345,1.34564,1.31502,1.31505,253584
2015.10.04,00:00,1.31469,1.31743,1.29004,1.29341,260329
2015.10.11,00:00,1.29588,1.30797,1.28310,1.29048,206901
2015.10.18,00:00,1.29015,1.31975,1.29005,1.31644,260249
2015.10.25,00:00,1.31690,1.32792,1.30552,1.30756,288082
2015.11.01,00:00,1.30764,1.33172,1.30376,1.33006,245790
2015.11.08,00:00,1.33008,1.33488,1.32241,1.33187,259616
2015.11.15,00:00,1.33001,1.33703,1.32460,1.33415,354257
2015.11.22,00:00,1.33345,1.34356,1.32796,1.33666,338422
2015.11.29,00:00,1.33623,1.34156,1.32927,1.33577,489157
2015.12.06,00:00,1.33684,1.37573,1.33636,1.37526,547700
2015.12.13,00:00,1.37179,1.40004,1.36725,1.39555,536589
2015.12.20,00:00,1.39343,1.39929,1.38175,1.38447,258850
2015.12.27,00:00,1.38332,1.39394,1.38133,1.38413,231491
2016.01.03,00:00,1.38131,1.41767,1.38128,1.41655,435922
2016.01.10,00:00,1.41667,1.45530,1.40644,1.45318,484016
2016.01.17,00:00,1.46074,1.46895,1.41138,1.41182,559063
2016.01.24,00:00,1.41411,1.43248,1.39471,1.39731,487105
2016.01.31,00:00,1.39713,1.41013,1.36386,1.39113,613101
2016.02.07,00:00,1.38966,1.40154,1.37857,1.38461,678554
2016.02.14,00:00,1.38473,1.39109,1.36529,1.37631,545612
2016.02.21,00:00,1.37727,1.38584,1.35044,1.35104,535062
2016.02.28,00:00,1.35131,1.35865,1.33111,1.33127,467665
2016.03.06,00:00,1.33324,1.34457,1.31666,1.32080,486569
2016.03.13,00:00,1.32258,1.34044,1.29227,1.30006,406445
2016.03.20,00:00,1.30236,1.32955,1.30192,1.32694,240368
2016.03.27,00:00,1.32714,1.32839,1.28567,1.30073,526223
2016.04.03,00:00,1.30284,1.32181,1.29512,1.29843,602957
2016.04.10,00:00,1.29798,1.30154,1.27434,1.28179,627726
2016.04.17,00:00,1.29503,1.29891,1.25924,1.26656,722434
2016.04.24,00:00,1.26537,1.27166,1.24977,1.25503,864230
2016.05.01,00:00,1.25547,1.29510,1.24603,1.29060,774099
2016.05.08,00:00,1.29378,1.30145,1.27703,1.29370,581797
2016.05.15,00:00,1.29381,1.31611,1.28362,1.31096,401090
2016.05.22,00:00,1.31131,1.31871,1.29099,1.30175,349265
2016.05.29,00:00,1.30245,1.31430,1.29146,1.29318,381567
2016.06.05,00:00,1.29340,1.29815,1.26539,1.27792,436181
2016.06.12,00:00,1.27831,1.30847,1.27493,1.28914,529904
2016.06.19,00:00,1.28444,1.30974,1.26773,1.29966,486805
2016.06.26,00:00,1.30370,1.31194,1.28643,1.29079,501543
2016.07.03,00:00,1.29136,1.30900,1.28306,1.30402,471557
2016.07.10,00:00,1.30414,1.31393,1.28610,1.29689,467924
2016.07.17,00:00,1.29438,1.31842,1.29265,1.31268,378720
2016.07.24,00:00,1.31229,1.32520,1.30009,1.30387,395792
2016.07.31,00:00,1.30242,1.31994,1.29952,1.31696,388311
2016.08.07,00:00,1.31737,1.31892,1.29233,1.29519,425966
2016.08.14,00:00,1.29451,1.29742,1.27628,1.28634,372882
2016.08.21,00:00,1.28820,1.30107,1.28302,1.30035,366515
2016.08.28,00:00,1.29917,1.31473,1.29811,1.29853,475934
2016.09.04,00:00,1.29870,1.30519,1.28215,1.30460,374602
2016.09.11,00:00,1.30460,1.32471,1.30287,1.32150,536415
2016.09.18,00:00,1.32173,1.32422,1.29995,1.31630,557448
2016.09.25,00:00,1.31565,1.32797,1.30473,1.31159,613399
2016.10.02,00:00,1.31114,1.33125,1.30671,1.32899,545191
2016.10.09,00:00,1.32584,1.33061,1.31010,1.31397,601768
2016.10.16,00:00,1.31410,1.33537,1.30047,1.33321,470537
2016.10.23,00:00,1.33255,1.34327,1.32739,1.33946,492325
2016.10.30,00:00,1.34057,1.34646,1.33522,1.33988,576130
2016.11.06,00:00,1.33478,1.35475,1.32632,1.35307,724674
2016.11.13,00:00,1.35130,1.35878,1.33991,1.35078,665530
2016.11.20,00:00,1.34958,1.35344,1.33770,1.35164,533128
2016.11.27,00:00,1.34996,1.35361,1.32539,1.32849,610606
2016.12.04,00:00,1.32852,1.33544,1.31513,1.31767,534474
2016.12.11,00:00,1.31545,1.34164,1.30799,1.33389,588723
2016.12.18,00:00,1.33373,1.35561,1.33166,1.35312,384155
2016.12.25,00:00,1.35060,1.35974,1.34000,1.34454,338885
2017.01.01,00:00,1.34335,1.34596,1.31765,1.32332,512862
2017.01.08,00:00,1.32445,1.32934,1.30284,1.31191,606539
2017.01.15,00:00,1.31335,1.33867,1.30176,1.33174,606378
2017.01.22,00:00,1.33209,1.33340,1.30526,1.31465,533780
2017.01.29,00:00,1.31209,1.31681,1.29679,1.30305,634360
2017.02.05,00:00,1.30272,1.32115,1.30063,1.30799,481013
2017.02.12,00:00,1.30827,1.31254,1.30083,1.30906,428400
2017.02.19,00:00,1.30935,1.32091,1.30539,1.30992,415740
2017.02.26,00:00,1.30966,1.34360,1.30825,1.33742,594376
2017.03.05,00:00,1.33779,1.35338,1.33713,1.34635,543056
2017.03.12,00:00,1.34544,1.34943,1.32755,1.33408,579474
2017.03.19,00:00,1.33448,1.34084,1.32629,1.33752,497346
2017.03.26,00:00,1.33582,1.34134,1.32767,1.33219,461686
2017.04.02,00:00,1.33047,1.34546,1.32951,1.34040,450871
2017.04.09,00:00,1.33962,1.34253,1.32225,1.33234,687807
2017.04.16,00:00,1.33099,1.35242,1.32612,1.34969,439005
2017.04.23,00:00,1.34805,1.36961,1.34098,1.36558,495417
2017.04.30,00:00,1.36531,1.37927,1.36363,1.36478,454758
2017.05.07,00:00,1.36541,1.37694,1.36429,1.37092,423371
2017.05.14,00:00,1.36966,1.37215,1.35074,1.35090,480143
2017.05.21,00:00,1.35125,1.35399,1.33868,1.34461,414776
2017.05.28,00:00,1.34445,1.35464,1.34267,1.34896,410343
2017.06.04,00:00,1.34866,1.35364,1.34218,1.34592,407041
2017.06.11,00:00,1.34558,1.34697,1.31640,1.32119,425208
2017.06.18,00:00,1.32090,1.33465,1.31903,1.32705,417750
2017.06.25,00:00,1.32584,1.32693,1.29453,1.29630,473296
2017.07.02,00:00,1.29674,1.30136,1.28587,1.28747,404471
2017.07.09,00:00,1.28749,1.29425,1.26431,1.26489,374220
2017.07.16,00:00,1.26440,1.27000,1.25213,1.25375,424077
2017.07.23,00:00,1.25353,1.25754,1.24129,1.24319,446093
2017.07.30,00:00,1.24308,1.26669,1.24273,1.26494,467005
2017.08.06,00:00,1.26546,1.27519,1.26283,1.26787,516153
2017.08.13,00:00,1.26651,1.27771,1.25561,1.25750,441702
2017.08.20,00:00,1.25657,1.26060,1.24647,1.24798,414064
2017.08.27,00:00,1.24746,1.26619,1.23388,1.23900,465170
2017.09.03,00:00,1.24148,1.24251,1.20607,1.21463,542016
2017.09.10,00:00,1.21516,1.22384,1.20810,1.21926,461202
2017.09.17,00:00,1.21872,1.23894,1.21705,1.23350,477213
2017.09.24,00:00,1.23317,1.25309,1.23119,1.24769,511290
2017.10.01,00:00,1.24846,1.25978,1.24479,1.25306,417602
2017.10.08,00:00,1.25279,1.25576,1.24320,1.24711,412139
2017.10.15,00:00,1.24703,1.26290,1.24497,1.26246,460215
2017.10.22,00:00,1.26164,1.29156,1.26128,1.28152,447267
2017.10.29,00:00,1.28244,1.29138,1.27140,1.27600,378720
2017.11.05,00:00,1.27642,1.28188,1.26652,1.26792,363610
2017.11.12,00:00,1.26814,1.28227,1.26770,1.27733,385925
2017.11.19,00:00,1.27633,1.28358,1.26717,1.27163,377801
2017.11.26,00:00,1.27010,1.29083,1.26793,1.26872,394309
2017.12.03,00:00,1.26999,1.28789,1.26229,1.28487,310072
2017.12.10,00:00,1.28489,1.28935,1.27127,1.28702,345739
2017.12.17,00:00,1.28663,1.29191,1.26967,1.27269,352963
2017.12.24,00:00,1.27157,1.27271,1.25139,1.25820,256293
2017.12.31,00:00,1.25265,1.25542,1.23544,1.24113,254908
2018.01.07,00:00,1.24091,1.25894,1.23774,1.24613,398937
2018.01.14,00:00,1.24604,1.25385,1.23601,1.24970,449392
2018.01.21,00:00,1.24750,1.24956,1.22811,1.23245,496424
2018.01.28,00:00,1.23156,1.24367,1.22471,1.24254,565859
2018.02.04,00:00,1.24366,1.26868,1.23967,1.25794,755842
2018.02.11,00:00,1.25901,1.26481,1.24495,1.24903,468532
