1998.06.14,00:00,144.25000,146.83000,133.65000,136.05000,61748
1998.06.21,00:00,138.01000,143.07000,137.10000,142.25000,53700
1998.06.28,00:00,142.65000,143.40000,137.43000,139.40000,52586
1998.07.05,00:00,140.60000,141.78000,138.08000,141.02000,49980
1998.07.12,00:00,143.04000,144.40000,138.58000,139.50000,51047
1998.07.19,00:00,139.24000,142.20000,138.53000,141.65000,47792
1998.07.26,00:00,141.55000,144.93000,140.75000,144.54000,33614
1998.08.02,00:00,144.85000,146.97000,143.35000,146.24000,45856
1998.08.09,00:00,146.23000,147.71000,144.30000,146.48000,49459
1998.08.16,00:00,146.32000,146.95000,141.47000,144.63000,54042
1998.08.23,00:00,144.85000,145.28000,140.00000,141.80000,52069
1998.08.30,00:00,141.55000,142.57000,132.80000,133.57000,43089
1998.09.06,00:00,134.50000,138.60000,129.10000,130.68000,44015
1998.09.13,00:00,131.54000,135.85000,130.90000,132.66000,76216
1998.09.20,00:00,133.47000,137.25000,132.32000,136.17000,68793
1998.09.27,00:00,135.94000,136.93000,133.01000,135.55000,70482
1998.10.04,00:00,135.25000,136.05000,111.65000,116.65000,73805
1998.10.11,00:00,117.31000,120.47000,113.50000,115.27000,80640
1998.10.18,00:00,115.60000,119.59000,113.76000,118.07000,70391
1998.10.25,00:00,118.75000,119.85000,114.99000,115.80000,65956
1998.11.01,00:00,115.32000,119.15000,114.40000,119.00000,57902
1998.11.08,00:00,119.25000,124.15000,119.05000,122.90000,52945
1998.11.15,00:00,122.23000,122.67000,118.48000,120.35000,50407
1998.11.22,00:00,120.58000,123.60000,120.15000,123.04000,63161
1998.11.29,00:00,123.24000,124.10000,117.30000,118.93000,68790
1998.12.06,00:00,118.55000,120.55000,116.20000,116.25000,71883
1998.12.13,00:00,116.39000,117.65000,114.45000,116.18000,67173
1998.12.20,00:00,115.57000,117.52000,114.65000,116.55000,50207
1998.12.27,00:00,116.13000,117.14000,113.15000,113.70000,45054
1999.01.03,00:00,113.63000,114.41000,109.75000,110.85000,81413
1999.01.10,00:00,110.32000,114.50000,108.21000,114.15000,78720
1999.01.17,00:00,114.21000,115.05000,112.30000,114.57000,85538
1999.01.24,00:00,114.57000,116.88000,113.21000,116.33000,87512
1999.01.31,00:00,115.85000,116.05000,111.30000,113.13000,85636
1999.02.07,00:00,112.99000,115.83000,112.68000,114.00000,82542
1999.02.14,00:00,114.08000,121.50000,113.75000,121.30000,81570
1999.02.21,00:00,121.45000,122.57000,118.43000,119.18000,93997
1999.02.28,00:00,119.30000,123.80000,118.84000,122.73000,88623
1999.03.07,00:00,122.88000,123.21000,118.62000,118.65000,92716
1999.03.14,00:00,119.08000,119.42000,116.84000,117.22000,92444
1999.03.21,00:00,116.93000,120.54000,116.89000,120.33000,88993
1999.03.28,00:00,120.49000,121.00000,118.10000,120.54000,65480
1999.04.04,00:00,121.39000,122.05000,120.34000,120.94000,71501
1999.04.11,00:00,120.90000,120.99000,117.40000,117.87000,80450
1999.04.18,00:00,117.85000,120.48000,117.45000,119.25000,80766
1999.04.25,00:00,119.25000,120.60000,118.29000,119.50000,84366
1999.05.02,00:00,119.51000,121.51000,119.37000,120.81000,74206
1999.05.09,00:00,120.85000,122.90000,120.22000,122.86000,71633
1999.05.16,00:00,122.83000,124.85000,122.46000,123.97000,86716
1999.05.23,00:00,124.10000,124.58000,119.70000,121.61000,77194
1999.05.30,00:00,121.73000,122.54000,120.30000,122.35000,76836
1999.06.06,00:00,122.37000,122.46000,117.61000,117.90000,98039
1999.06.13,00:00,118.09000,120.98000,117.85000,120.43000,83518
1999.06.20,00:00,120.75000,122.65000,120.56000,121.48000,80509
1999.06.27,00:00,121.40000,122.00000,120.50000,120.97000,68929
1999.07.04,00:00,121.02000,122.93000,120.84000,122.37000,69389
1999.07.11,00:00,122.30000,122.57000,120.23000,120.99000,70790
1999.07.18,00:00,120.97000,121.10000,116.06000,116.56000,84308
1999.07.25,00:00,116.85000,117.45000,114.25000,114.47000,85369
1999.08.01,00:00,114.84000,115.75000,113.57000,114.85000,91312
1999.08.08,00:00,115.01000,116.40000,114.31000,115.85000,86743
1999.08.15,00:00,115.80000,115.96000,110.69000,111.25000,97325
1999.08.22,00:00,111.24000,112.89000,110.39000,111.45000,105474
1999.08.29,00:00,111.21000,111.30000,108.62000,110.04000,91475
1999.09.05,00:00,109.81000,111.47000,107.50000,108.73000,94094
1999.09.12,00:00,108.81000,109.20000,103.15000,107.18000,112337
1999.09.19,00:00,107.43000,108.25000,103.42000,104.20000,107434
1999.09.26,00:00,105.54000,107.34000,103.83000,105.11000,111498
1999.10.03,00:00,105.08000,108.06000,104.55000,107.37000,105141
1999.10.10,00:00,107.39000,108.05000,105.18000,105.25000,105207
1999.10.17,00:00,105.29000,106.72000,104.74000,105.88000,106219
1999.10.24,00:00,105.87000,106.28000,103.62000,104.02000,119698
1999.10.31,00:00,104.10000,106.66000,103.37000,105.93000,129554
1999.11.07,00:00,106.04000,106.45000,104.34000,105.45000,104101
1999.11.14,00:00,105.40000,106.63000,104.47000,106.40000,96817
1999.11.21,00:00,106.35000,106.63000,101.22000,101.82000,103948
1999.11.28,00:00,102.14000,104.08000,101.30000,102.78000,92087
1999.12.05,00:00,102.70000,103.54000,102.00000,102.19000,78691
1999.12.12,00:00,102.32000,103.90000,102.20000,103.25000,75646
1999.12.19,00:00,103.19000,103.45000,101.23000,102.91000,93309
1999.12.26,00:00,102.84000,103.02000,101.75000,102.26000,62994
2000.01.02,00:00,102.20000,105.96000,101.33000,105.41000,95930
2000.01.09,00:00,105.26000,106.63000,104.28000,105.93000,105231
2000.01.16,00:00,105.90000,106.16000,104.24000,104.80000,104261
2000.01.23,00:00,104.96000,107.30000,104.48000,107.20000,118458
2000.01.30,00:00,107.14000,109.10000,106.54000,107.15000,126533
2000.02.06,00:00,107.19000,109.80000,107.10000,109.63000,120157
2000.02.13,00:00,108.64000,111.32000,108.57000,110.98000,31928
2000.02.20,00:00,110.71000,111.78000,110.09000,110.28000,81854
2000.02.27,00:00,109.82000,110.48000,106.53000,107.75000,99226
2000.03.05,00:00,107.78000,108.18000,105.76000,106.33000,28793
2000.03.12,00:00,106.56000,106.83000,104.59000,106.74000,89228
2000.03.19,00:00,106.84000,107.84000,106.22000,106.87000,119482
2000.03.26,00:00,106.78000,107.20000,104.78000,105.61000,89116
2000.04.02,00:00,103.96000,105.66000,103.88000,105.42000,86907
2000.04.09,00:00,105.36000,107.20000,104.70000,104.80000,87514
2000.04.16,00:00,104.71000,105.94000,103.18000,105.76000,79100
2000.04.23,00:00,105.69000,108.36000,105.01000,108.14000,84247
2000.04.30,00:00,107.74000,109.71000,107.63000,108.44000,11355
2000.05.07,00:00,108.79000,109.96000,108.04000,108.83000,56938
2000.05.14,00:00,108.64000,110.08000,106.25000,106.99000,80891
2000.05.21,00:00,107.02000,108.04000,106.37000,107.25000,74638
2000.05.28,00:00,106.94000,109.12000,106.01000,108.05000,67521
2000.06.04,00:00,107.92000,108.31000,104.98000,106.96000,68089
2000.06.11,00:00,106.82000,107.23000,105.82000,106.39000,79810
2000.06.18,00:00,106.35000,106.53000,103.86000,104.52000,82133
2000.06.25,00:00,104.59000,106.42000,104.22000,106.14000,63701
2000.07.02,00:00,106.05000,108.02000,105.25000,107.95000,64415
2000.07.09,00:00,107.83000,108.54000,106.53000,107.75000,1006
2000.07.16,00:00,107.70000,109.25000,107.25000,109.04000,951
2000.07.23,00:00,108.72000,109.87000,108.43000,109.72000,766
2000.07.30,00:00,109.58000,109.84000,107.88000,108.60000,825
2000.08.06,00:00,108.55000,109.30000,107.45000,108.53000,781
2000.08.13,00:00,108.63000,109.69000,108.04000,108.40000,754
2000.08.20,00:00,108.26000,108.80000,106.54000,106.87000,758
2000.08.27,00:00,106.75000,106.87000,105.52000,105.95000,673
2000.09.03,00:00,105.89000,106.54000,104.75000,106.15000,783
2000.09.10,00:00,106.10000,107.78000,105.80000,107.15000,603
2000.09.17,00:00,107.11000,108.20000,106.29000,108.00000,682
2000.09.24,00:00,107.95000,108.57000,107.15000,108.13000,665
2000.10.01,00:00,108.13000,109.68000,108.05000,108.90000,605
2000.10.08,00:00,108.87000,109.20000,107.30000,107.92000,712
2000.10.15,00:00,107.67000,109.23000,107.39000,109.00000,705
2000.10.22,00:00,108.94000,109.12000,107.58000,108.65000,615
2000.10.29,00:00,108.64000,109.37000,106.81000,107.13000,665
2000.11.05,00:00,107.19000,108.03000,106.85000,107.95000,661
2000.11.12,00:00,107.86000,109.19000,107.35000,108.88000,587
2000.11.19,00:00,108.85000,111.49000,108.80000,111.32000,773
2000.11.26,00:00,111.18000,112.05000,109.77000,111.33000,990
2000.12.03,00:00,111.36000,111.51000,110.12000,110.98000,840
2000.12.10,00:00,111.39000,112.90000,110.50000,112.57000,821
2000.12.17,00:00,112.51000,113.21000,111.75000,112.95000,773
2000.12.24,00:00,112.90000,115.13000,112.70000,114.46000,653
2000.12.31,00:00,114.44000,116.94000,113.50000,116.55000,841
2001.01.07,00:00,116.56000,118.50000,115.60000,118.42000,978
2001.01.14,00:00,118.40000,119.91000,116.88000,117.23000,1416
2001.01.21,00:00,117.05000,118.54000,116.14000,117.40000,1109
2001.01.28,00:00,117.47000,117.78000,114.88000,115.75000,1055
2001.02.04,00:00,115.66000,117.80000,114.28000,117.58000,987
2001.02.11,00:00,117.61000,118.03000,114.50000,115.80000,884
2001.02.18,00:00,115.99000,117.21000,115.18000,115.85000,1020
2001.02.25,00:00,115.86000,119.39000,115.75000,119.02000,893
2001.03.04,00:00,119.14000,120.47000,118.20000,119.57000,1045
2001.03.11,00:00,119.59000,123.24000,119.27000,123.06000,1068
2001.03.18,00:00,122.96000,124.42000,121.96000,122.82000,1197
2001.03.25,00:00,123.01000,126.37000,121.37000,126.33000,1393
2001.04.01,00:00,126.36000,126.90000,123.50000,123.77000,46982
2001.04.08,00:00,124.24000,125.52000,122.93000,124.14000,46429
2001.04.15,00:00,124.16000,125.00000,120.88000,122.38000,51483
2001.04.22,00:00,121.92000,124.39000,121.08000,124.05000,55057
2001.04.29,00:00,124.05000,124.25000,120.59000,121.33000,52138
2001.05.06,00:00,121.32000,122.89000,120.78000,122.38000,51844
2001.05.13,00:00,122.50000,124.11000,122.41000,123.53000,54626
2001.05.20,00:00,123.68000,123.79000,118.89000,120.65000,61948
2001.05.27,00:00,120.49000,121.43000,118.29000,119.27000,49217
2001.06.03,00:00,119.13000,121.02000,118.69000,120.87000,43723
2001.06.10,00:00,120.91000,123.28000,120.83000,122.94000,45474
2001.06.17,00:00,123.06000,124.77000,122.53000,124.48000,52440
2001.06.24,00:00,124.30000,125.04000,123.27000,124.62000,48848
2001.07.01,00:00,124.75000,126.17000,123.65000,125.88000,65790
2001.07.08,00:00,125.82000,126.00000,123.47000,124.94000,59003
2001.07.15,00:00,124.73000,125.70000,122.68000,123.02000,35103
2001.07.22,00:00,123.08000,124.53000,123.06000,123.51000,38306
2001.07.29,00:00,123.27000,125.41000,123.21000,123.66000,24916
2001.08.05,00:00,123.70000,124.33000,121.38000,122.00000,30343
2001.08.12,00:00,121.95000,123.21000,119.07000,120.24000,28525
2001.08.19,00:00,120.31000,120.98000,119.33000,120.02000,23779
2001.08.26,00:00,120.19000,120.86000,118.45000,118.80000,56091
2001.09.02,00:00,119.08000,121.58000,118.57000,120.06000,61464
2001.09.09,00:00,120.14000,122.13000,116.89000,117.35000,58382
2001.09.16,00:00,117.55000,118.43000,115.75000,116.64000,103769
2001.09.23,00:00,116.90000,120.08000,116.28000,119.53000,81845
2001.09.30,00:00,119.43000,121.55000,119.33000,120.52000,71756
2001.10.07,00:00,120.31000,121.80000,119.57000,121.08000,54774
2001.10.14,00:00,120.89000,121.95000,120.42000,121.23000,62299
2001.10.21,00:00,121.18000,123.41000,121.14000,122.69000,58263
2001.10.28,00:00,122.69000,122.82000,121.33000,121.67000,55165
2001.11.04,00:00,121.63000,122.16000,119.74000,120.35000,55271
2001.11.11,00:00,120.38000,122.98000,119.71000,122.92000,56043
2001.11.18,00:00,122.84000,124.54000,122.50000,124.26000,126233
2001.11.25,00:00,124.43000,124.63000,122.79000,123.46000,141592
2001.12.02,00:00,123.37000,125.81000,123.25000,125.59000,148933
2001.12.09,00:00,125.61000,128.01000,125.47000,127.42000,138429
2001.12.16,00:00,127.33000,129.75000,127.11000,129.62000,143553
2001.12.23,00:00,129.58000,132.10000,129.29000,131.09000,79115
2001.12.30,00:00,131.31000,132.33000,130.59000,130.97000,78919
2002.01.06,00:00,130.87000,133.42000,130.35000,132.20000,142969
2002.01.13,00:00,132.02000,133.08000,130.86000,132.55000,114624
2002.01.20,00:00,132.65000,134.98000,131.99000,134.43000,64608
2002.01.27,00:00,134.87000,135.19000,132.33000,133.01000,58441
2002.02.03,00:00,133.17000,135.03000,131.94000,134.74000,143839
2002.02.10,00:00,134.91000,135.06000,131.84000,132.57000,144024
2002.02.17,00:00,132.70000,134.54000,132.40000,134.06000,101507
2002.02.24,00:00,134.14000,135.01000,133.01000,133.42000,146878
2002.03.03,00:00,133.57000,133.61000,126.41000,128.61000,133822
2002.03.10,00:00,128.67000,129.67000,127.73000,129.08000,147055
2002.03.17,00:00,129.28000,132.97000,129.21000,132.91000,150133
2002.03.24,00:00,132.81000,133.50000,132.16000,132.75000,154058
2002.03.31,00:00,132.75000,133.86000,131.29000,131.68000,151468
2002.04.07,00:00,131.75000,132.28000,130.18000,131.95000,151116
2002.04.14,00:00,132.06000,132.41000,129.57000,130.36000,148642
2002.04.21,00:00,130.66000,130.71000,127.75000,127.90000,149674
2002.04.28,00:00,127.91000,128.69000,126.82000,126.94000,147947
2002.05.05,00:00,127.01000,129.10000,126.75000,127.62000,115361
2002.05.12,00:00,127.68000,128.82000,125.50000,125.97000,156712
2002.05.19,00:00,125.99000,126.23000,123.49000,124.77000,166645
2002.05.26,00:00,124.79000,125.10000,122.80000,124.11000,133060
2002.06.02,00:00,124.26000,125.08000,123.24000,124.34000,145068
2002.06.09,00:00,124.43000,125.94000,123.91000,124.15000,131791
2002.06.16,00:00,124.21000,124.86000,120.80000,121.16000,134961
2002.06.23,00:00,121.73000,122.77000,118.34000,119.58000,164780
2002.06.30,00:00,119.73000,120.78000,119.24000,120.42000,141502
2002.07.07,00:00,120.05000,120.20000,116.44000,116.91000,166226
2002.07.14,00:00,117.04000,117.34000,115.48000,115.90000,143004
2002.07.21,00:00,115.92000,119.07000,115.72000,118.83000,144864
2002.07.28,00:00,118.89000,120.43000,118.45000,118.92000,140011
2002.08.04,00:00,118.86000,121.38000,118.61000,120.11000,151337
2002.08.11,00:00,120.15000,120.19000,116.28000,117.71000,130624
2002.08.18,00:00,117.64000,120.31000,117.40000,119.60000,137424
2002.08.25,00:00,119.55000,119.95000,117.45000,118.40000,56245
2002.09.01,00:00,118.50000,118.92000,116.84000,118.54000,144264
2002.09.08,00:00,118.56000,122.29000,118.16000,121.72000,177744
2002.09.15,00:00,121.95000,123.74000,120.90000,123.32000,195982
2002.09.22,00:00,123.57000,124.24000,121.83000,122.54000,174217
2002.09.29,00:00,122.62000,123.38000,121.10000,123.14000,35583
2002.10.06,00:00,123.26000,124.66000,122.98000,124.03000,35773
2002.10.13,00:00,124.10000,125.59000,123.77000,125.53000,36329
2002.10.20,00:00,125.48000,125.67000,123.59000,124.31000,33174
2002.10.27,00:00,124.29000,125.02000,121.60000,122.23000,35955
2002.11.03,00:00,122.19000,122.68000,119.53000,119.80000,32912
2002.11.10,00:00,119.94000,120.95000,119.09000,120.46000,33490
2002.11.17,00:00,120.39000,123.02000,120.26000,122.98000,34300
2002.11.24,00:00,123.05000,123.21000,121.32000,122.48000,33449
2002.12.01,00:00,122.66000,125.75000,122.10000,123.55000,37696
2002.12.08,00:00,123.14000,124.09000,120.30000,120.48000,38620
2002.12.15,00:00,120.60000,124.09000,120.19000,120.37000,35873
2002.12.22,00:00,120.33000,124.09000,119.77000,119.86000,23802
2002.12.29,00:00,119.94000,120.31000,118.29000,119.68000,22008
2003.01.05,00:00,119.83000,120.63000,118.53000,119.22000,35241
2003.01.12,00:00,119.15000,119.50000,117.39000,117.78000,31462
2003.01.19,00:00,118.03000,119.18000,117.51000,117.81000,27568
2003.01.26,00:00,117.84000,120.10000,117.54000,119.92000,27303
2003.02.02,00:00,119.64000,120.95000,117.54000,120.28000,28346
2003.02.09,00:00,120.28000,121.80000,120.09000,120.32000,33188
2003.02.16,00:00,120.51000,120.81000,118.08000,118.63000,38785
2003.02.23,00:00,118.85000,118.88000,116.80000,118.13000,38074
2003.03.02,00:00,118.11000,118.88000,116.34000,117.07000,38825
2003.03.09,00:00,117.09000,118.88000,116.34000,118.25000,41048
2003.03.16,00:00,118.12000,121.90000,117.56000,121.69000,41584
2003.03.23,00:00,121.06000,121.35000,119.34000,119.84000,38303
2003.03.30,00:00,119.85000,120.23000,117.60000,119.97000,38090
2003.04.06,00:00,120.38000,120.94000,119.14000,120.50000,36329
2003.04.13,00:00,120.60000,120.86000,118.91000,119.75000,31728
2003.04.20,00:00,119.63000,121.18000,119.35000,120.25000,48060
2003.04.27,00:00,120.21000,120.76000,118.13000,119.06000,48836
2003.05.04,00:00,119.04000,119.14000,116.00000,117.36000,45980
2003.05.11,00:00,117.25000,117.58000,115.29000,116.06000,47399
2003.05.18,00:00,115.61000,117.82000,115.06000,116.89000,47541
2003.05.25,00:00,116.85000,119.67000,116.19000,119.33000,48442
2003.06.01,00:00,119.63000,119.69000,117.32000,118.72000,52663
2003.06.08,00:00,118.74000,118.83000,117.17000,117.43000,46471
2003.06.15,00:00,117.38000,119.15000,117.16000,118.47000,47830
2003.06.22,00:00,118.52000,120.04000,117.31000,119.62000,47463
2003.06.29,00:00,119.72000,120.27000,117.86000,118.01000,45431
2003.07.06,00:00,118.07000,118.74000,117.37000,117.94000,45314
2003.07.13,00:00,117.80000,119.28000,116.65000,118.53000,43574
2003.07.20,00:00,118.63000,119.43000,118.23000,118.75000,46636
2003.07.27,00:00,118.98000,120.71000,118.86000,120.12000,47394
2003.08.03,00:00,119.95000,120.66000,118.81000,119.12000,50603
2003.08.10,00:00,118.98000,119.73000,118.17000,119.20000,107308
2003.08.17,00:00,119.17000,119.84000,117.28000,117.57000,120859
2003.08.24,00:00,117.51000,118.04000,116.13000,116.90000,99609
2003.08.31,00:00,116.83000,117.32000,115.74000,116.78000,27168
2003.09.07,00:00,116.80000,117.74000,116.08000,117.29000,20314
2003.09.14,00:00,117.34000,117.71000,113.57000,114.00000,28409
2003.09.21,00:00,113.96000,114.01000,110.89000,111.74000,38644
2003.09.28,00:00,111.62000,112.11000,110.09000,110.87000,44728
2003.10.05,00:00,110.98000,111.37000,108.26000,108.66000,46810
2003.10.12,00:00,108.47000,110.34000,108.29000,109.37000,49919
2003.10.19,00:00,108.85000,110.61000,108.76000,109.26000,46052
2003.10.26,00:00,109.05000,110.24000,107.84000,109.96000,47472
2003.11.02,00:00,109.72000,111.51000,109.04000,109.39000,47907
2003.11.09,00:00,109.45000,109.68000,107.86000,108.34000,45769
2003.11.16,00:00,108.40000,109.77000,107.54000,108.75000,53642
2003.11.23,00:00,108.82000,110.06000,108.79000,109.62000,36984
2003.11.30,00:00,109.78000,110.05000,107.51000,107.68000,38852
2003.12.07,00:00,107.75000,108.75000,106.72000,107.91000,38467
2003.12.14,00:00,108.27000,108.31000,107.20000,107.81000,34218
2003.12.21,00:00,107.79000,107.96000,106.89000,107.46000,17221
2003.12.28,00:00,107.32000,107.75000,106.63000,107.06000,18012
2004.01.04,00:00,107.00000,108.30000,105.89000,106.80000,33226
2004.01.11,00:00,106.64000,107.00000,105.71000,106.64000,40774
2004.01.18,00:00,106.64000,107.94000,105.74000,106.72000,54211
2004.01.25,00:00,106.44000,106.76000,105.45000,105.72000,54909
2004.02.01,00:00,105.71000,106.81000,105.21000,105.49000,38757
2004.02.08,00:00,105.89000,105.92000,105.16000,105.45000,33598
2004.02.15,00:00,105.48000,109.37000,105.16000,109.04000,45246
2004.02.22,00:00,108.93000,109.84000,108.03000,109.14000,49228
2004.02.29,00:00,109.05000,112.30000,108.89000,112.03000,47396
2004.03.07,00:00,112.20000,112.36000,110.20000,110.78000,53912
2004.03.14,00:00,110.68000,111.08000,106.39000,106.65000,61618
2004.03.21,00:00,106.89000,107.68000,105.54000,106.02000,53027
2004.03.28,00:00,105.58000,106.25000,103.39000,104.56000,57127
2004.04.04,00:00,104.39000,107.25000,104.11000,106.46000,52330
2004.04.11,00:00,106.32000,109.29000,105.04000,107.81000,58661
2004.04.18,00:00,107.76000,109.92000,107.57000,108.97000,58938
2004.04.25,00:00,109.12000,111.05000,108.29000,110.50000,60585
2004.05.02,00:00,110.42000,112.51000,108.31000,112.22000,53181
2004.05.09,00:00,112.29000,114.90000,112.19000,114.24000,65655
2004.05.16,00:00,114.21000,114.73000,111.75000,112.30000,70072
2004.05.23,00:00,112.18000,113.35000,110.03000,110.22000,60722
2004.05.30,00:00,110.30000,112.01000,109.05000,111.15000,62564
2004.06.06,00:00,110.90000,111.02000,108.65000,110.06000,62945
2004.06.13,00:00,110.39000,111.50000,108.54000,108.86000,67038
2004.06.20,00:00,108.61000,109.43000,107.01000,107.58000,56242
2004.06.27,00:00,107.46000,109.61000,107.42000,108.31000,63708
2004.07.04,00:00,108.37000,109.74000,107.92000,108.17000,56946
2004.07.11,00:00,107.87000,110.06000,107.56000,108.69000,64957
2004.07.18,00:00,108.80000,110.34000,108.09000,110.18000,62213
2004.07.25,00:00,110.14000,112.49000,109.40000,111.37000,70258
2004.08.01,00:00,111.09000,111.90000,109.83000,110.48000,64682
2004.08.08,00:00,110.41000,112.10000,110.13000,110.69000,58322
2004.08.15,00:00,110.45000,111.03000,108.94000,109.10000,58669
2004.08.22,00:00,109.15000,110.50000,109.01000,109.68000,59461
2004.08.29,00:00,109.63000,110.72000,108.73000,110.48000,57140
2004.09.05,00:00,110.52000,110.64000,109.02000,109.65000,51729
2004.09.12,00:00,109.49000,110.43000,109.29000,109.80000,57380
2004.09.19,00:00,109.92000,110.95000,109.59000,110.62000,48736
2004.09.26,00:00,110.62000,111.75000,109.81000,110.50000,62748
2004.10.03,00:00,110.63000,111.47000,109.29000,109.52000,53435
2004.10.10,00:00,109.53000,110.23000,108.80000,109.31000,51538
2004.10.17,00:00,109.24000,109.61000,107.18000,107.26000,55823
2004.10.24,00:00,107.27000,107.41000,105.77000,105.80000,68153
2004.10.31,00:00,105.94000,106.91000,105.51000,105.58000,59885
2004.11.07,00:00,105.51000,107.32000,105.28000,105.57000,57880
2004.11.14,00:00,105.65000,105.68000,102.69000,103.10000,57556
2004.11.21,00:00,103.12000,103.74000,102.14000,102.59000,53398
2004.11.28,00:00,102.66000,103.62000,101.82000,102.10000,59865
2004.12.05,00:00,102.08000,106.22000,101.91000,105.23000,64316
2004.12.12,00:00,105.53000,105.82000,103.44000,104.18000,64878
2004.12.19,00:00,104.06000,104.70000,103.44000,103.67000,37924
2004.12.26,00:00,103.74000,104.31000,102.31000,102.60000,33283
2005.01.02,00:00,102.63000,105.20000,102.35000,104.76000,68176
2005.01.09,00:00,104.81000,104.86000,101.77000,102.03000,73175
2005.01.16,00:00,102.02000,103.92000,101.67000,102.72000,69569
2005.01.23,00:00,102.82000,104.36000,102.35000,103.27000,63438
2005.01.30,00:00,103.67000,104.74000,103.34000,104.08000,59837
2005.02.06,00:00,104.59000,106.90000,104.04000,105.72000,58436
2005.02.13,00:00,105.48000,105.89000,104.28000,105.64000,59313
2005.02.20,00:00,105.78000,105.82000,103.81000,105.23000,50929
2005.02.27,00:00,105.24000,105.60000,104.09000,104.78000,33718
2005.03.06,00:00,104.76000,105.39000,103.65000,103.99000,44010
2005.03.13,00:00,103.92000,105.20000,103.70000,104.74000,33737
2005.03.20,00:00,104.76000,106.59000,104.65000,106.38000,29885
2005.03.27,00:00,106.34000,107.81000,106.34000,107.57000,34082
2005.04.03,00:00,107.66000,108.92000,107.58000,108.23000,29461
2005.04.10,00:00,108.29000,108.57000,107.13000,107.78000,33923
2005.04.17,00:00,107.64000,108.07000,105.74000,106.03000,39445
2005.04.24,00:00,105.53000,106.42000,104.60000,104.74000,43453
2005.05.01,00:00,105.05000,105.44000,104.20000,105.06000,27576
2005.05.08,00:00,105.09000,107.45000,104.85000,107.31000,30131
2005.05.15,00:00,107.29000,108.31000,106.56000,108.16000,37817
2005.05.22,00:00,108.21000,108.33000,107.24000,107.93000,48709
2005.05.29,00:00,108.00000,108.88000,107.46000,107.69000,51487
2005.06.05,00:00,107.73000,108.70000,106.50000,108.66000,49949
2005.06.12,00:00,108.56000,109.74000,108.44000,108.56000,46057
2005.06.19,00:00,108.96000,109.63000,108.15000,109.03000,59478
2005.06.26,00:00,109.22000,111.81000,109.13000,111.78000,59779
2005.07.03,00:00,111.77000,112.62000,111.31000,112.17000,57085
2005.07.10,00:00,112.22000,112.44000,110.75000,112.16000,58493
2005.07.17,00:00,112.28000,113.73000,109.86000,111.33000,68541
2005.07.24,00:00,111.41000,112.89000,111.28000,112.50000,67659
2005.07.31,00:00,112.63000,112.79000,110.73000,111.93000,52580
2005.08.07,00:00,112.20000,112.64000,109.29000,109.38000,65562
2005.08.14,00:00,109.44000,110.85000,109.04000,110.47000,53318
2005.08.21,00:00,110.43000,110.75000,109.35000,110.19000,62880
2005.08.28,00:00,110.11000,111.80000,109.20000,109.82000,66101
2005.09.04,00:00,109.73000,110.74000,108.75000,109.69000,47183
2005.09.11,00:00,109.17000,111.45000,109.14000,111.33000,33631
2005.09.18,00:00,111.48000,112.45000,110.96000,112.43000,33678
2005.09.25,00:00,112.46000,113.67000,112.08000,113.50000,34878
2005.10.02,00:00,113.48000,114.40000,113.00000,113.77000,36303
2005.10.09,00:00,113.73000,115.09000,113.54000,113.99000,27135
2005.10.16,00:00,114.15000,115.96000,113.75000,115.89000,31573
2005.10.23,00:00,115.88000,116.21000,114.60000,115.67000,31394
2005.10.30,00:00,115.72000,118.33000,115.53000,118.27000,26715
2005.11.06,00:00,118.31000,118.37000,116.86000,117.87000,27216
2005.11.13,00:00,118.07000,119.55000,117.84000,119.12000,30941
2005.11.20,00:00,119.18000,119.68000,118.20000,119.60000,27589
2005.11.27,00:00,119.66000,121.20000,118.34000,120.51000,31174
2005.12.04,00:00,121.12000,121.37000,119.97000,120.62000,29672
2005.12.11,00:00,120.83000,121.04000,115.61000,115.69000,40922
2005.12.18,00:00,115.57000,117.63000,115.51000,116.24000,32699
2005.12.25,00:00,116.40000,118.16000,115.97000,117.93000,26508
2006.01.01,00:00,117.88000,118.03000,114.22000,114.40000,33965
2006.01.08,00:00,114.51000,114.88000,113.41000,114.24000,41661
2006.01.15,00:00,114.19000,115.91000,113.77000,115.25000,37490
2006.01.22,00:00,115.15000,117.40000,114.15000,117.26000,35857
2006.01.29,00:00,117.21000,119.37000,116.68000,118.87000,41063
2006.02.05,00:00,118.88000,119.16000,116.87000,117.90000,51989
2006.02.12,00:00,117.76000,118.86000,116.74000,118.19000,44908
2006.02.19,00:00,118.26000,118.98000,116.41000,116.85000,44156
2006.02.26,00:00,117.06000,117.12000,115.44000,116.37000,47130
2006.03.05,00:00,116.39000,119.13000,116.02000,118.96000,48741
2006.03.12,00:00,118.88000,119.18000,115.68000,115.82000,46812
2006.03.19,00:00,116.02000,118.45000,115.50000,117.45000,42559
2006.03.26,00:00,117.57000,118.20000,116.25000,117.70000,46631
2006.04.02,00:00,117.74000,118.72000,116.67000,118.26000,49231
2006.04.09,00:00,118.16000,118.88000,117.81000,118.64000,35713
2006.04.16,00:00,118.53000,118.56000,116.58000,116.63000,44034
2006.04.23,00:00,115.71000,115.95000,113.64000,113.85000,52562
2006.04.30,00:00,113.66000,114.15000,112.23000,112.46000,46515
2006.05.07,00:00,111.91000,112.18000,109.31000,110.02000,58022
2006.05.14,00:00,109.65000,112.23000,108.98000,111.73000,60680
2006.05.21,00:00,111.84000,112.96000,110.95000,112.69000,59766
2006.05.28,00:00,112.64000,113.35000,111.32000,111.61000,48920
2006.06.04,00:00,111.64000,114.70000,111.42000,113.96000,47788
2006.06.11,00:00,114.09000,115.43000,113.95000,115.11000,50009
2006.06.18,00:00,115.21000,116.58000,114.36000,116.56000,45939
2006.06.25,00:00,116.46000,116.67000,114.15000,114.42000,49152
2006.07.02,00:00,114.34000,115.77000,113.82000,113.93000,46534
2006.07.09,00:00,113.86000,116.38000,113.38000,116.21000,44968
2006.07.16,00:00,116.37000,117.86000,115.81000,116.16000,42714
2006.07.23,00:00,116.15000,117.39000,114.57000,114.77000,42362
2006.07.30,00:00,114.68000,115.53000,113.96000,114.40000,43380
2006.08.06,00:00,114.21000,116.41000,114.15000,116.27000,42433
2006.08.13,00:00,116.33000,116.74000,115.16000,115.76000,32977
2006.08.20,00:00,115.72000,117.39000,115.43000,117.30000,32148
2006.08.27,00:00,117.26000,117.50000,116.50000,117.10000,33447
2006.09.03,00:00,117.09000,117.09000,115.56000,116.88000,35395
2006.09.10,00:00,116.90000,118.13000,116.60000,117.54000,36593
2006.09.17,00:00,117.45000,118.28000,116.07000,116.52000,39991
2006.09.24,00:00,116.45000,118.17000,116.12000,118.10000,36666
2006.10.01,00:00,118.09000,119.09000,117.37000,118.98000,34464
2006.10.08,00:00,118.96000,119.86000,118.82000,119.65000,31295
2006.10.15,00:00,119.68000,119.78000,118.04000,118.67000,34198
2006.10.22,00:00,118.72000,119.64000,117.13000,117.57000,30432
2006.10.29,00:00,117.53000,118.17000,116.59000,118.00000,34290
2006.11.05,00:00,118.01000,118.58000,117.17000,117.58000,32471
2006.11.12,00:00,117.47000,118.45000,117.12000,117.73000,37681
2006.11.19,00:00,117.83000,118.23000,115.57000,115.80000,30876
2006.11.26,00:00,115.62000,116.53000,114.97000,115.47000,42598
2006.12.03,00:00,115.15000,116.49000,114.42000,116.33000,40210
2006.12.10,00:00,116.36000,118.30000,116.15000,118.05000,40621
2006.12.17,00:00,117.97000,118.95000,117.68000,118.79000,32410
2006.12.24,00:00,118.82000,119.21000,118.28000,118.99000,23581
2006.12.31,00:00,118.65000,119.67000,117.97000,118.66000,26652
2007.01.07,00:00,118.72000,120.71000,118.10000,120.34000,35768
2007.01.14,00:00,120.32000,121.58000,120.06000,121.21000,32157
2007.01.21,00:00,121.24000,121.78000,120.19000,121.58000,34279
2007.01.28,00:00,121.45000,122.16000,120.09000,121.01000,37522
2007.02.04,00:00,121.14000,121.74000,119.96000,121.66000,30222
2007.02.11,00:00,122.03000,122.03000,118.97000,119.32000,36023
2007.02.18,00:00,119.27000,121.63000,119.26000,121.02000,31405
2007.02.25,00:00,121.03000,121.05000,116.41000,116.84000,46054
2007.03.04,00:00,116.62000,118.37000,115.15000,118.22000,49425
2007.03.11,00:00,118.34000,118.51000,115.75000,116.85000,53685
2007.03.18,00:00,116.26000,118.31000,116.24000,118.10000,45010
2007.03.25,00:00,117.91000,118.42000,116.38000,117.82000,45894
2007.04.01,00:00,117.47000,119.38000,117.46000,119.25000,28331
2007.04.08,00:00,119.24000,119.56000,118.21000,119.25000,28505
2007.04.15,00:00,119.38000,119.86000,117.60000,118.67000,42160
2007.04.22,00:00,118.71000,119.75000,118.22000,119.60000,41365
2007.04.29,00:00,119.31000,120.45000,119.06000,120.17000,28943
2007.05.06,00:00,120.13000,120.52000,119.45000,120.18000,44598
2007.05.13,00:00,120.20000,121.39000,120.02000,121.12000,32141
2007.05.20,00:00,121.15000,121.87000,120.85000,121.78000,32311
2007.05.27,00:00,121.70000,122.13000,121.18000,122.07000,28276
2007.06.03,00:00,122.00000,122.11000,120.76000,121.71000,35026
2007.06.10,00:00,121.74000,123.66000,121.48000,123.43000,31145
2007.06.17,00:00,123.45000,124.13000,123.09000,123.88000,34264
2007.06.24,00:00,123.77000,123.93000,122.22000,123.16000,44379
2007.07.01,00:00,123.04000,123.55000,122.08000,123.33000,30091
2007.07.08,00:00,123.43000,123.66000,120.96000,121.92000,43330
2007.07.15,00:00,121.86000,122.41000,120.83000,121.24000,38100
2007.07.22,00:00,121.52000,121.59000,117.97000,118.63000,67019
2007.07.29,00:00,118.16000,119.47000,117.57000,118.03000,71320
2007.08.05,00:00,117.16000,119.80000,117.15000,118.38000,71160
2007.08.12,00:00,118.32000,118.55000,111.59000,114.36000,117542
2007.08.19,00:00,114.35000,117.11000,113.68000,116.42000,93495
2007.08.26,00:00,116.39000,116.72000,113.86000,115.75000,81650
2007.09.02,00:00,115.76000,116.46000,113.11000,113.37000,61074
2007.09.09,00:00,112.85000,115.47000,112.58000,115.33000,62637
2007.09.16,00:00,115.20000,116.35000,113.97000,115.49000,61696
2007.09.23,00:00,115.36000,115.87000,114.01000,114.78000,55768
2007.09.30,00:00,114.73000,117.26000,114.71000,117.00000,50707
2007.10.07,00:00,117.15000,117.77000,116.79000,117.59000,36410
2007.10.14,00:00,117.42000,117.93000,114.50000,114.50000,52868
2007.10.21,00:00,113.91000,115.01000,113.23000,114.20000,60673
2007.10.28,00:00,114.13000,115.91000,114.05000,114.82000,49918
2007.11.04,00:00,114.59000,114.80000,110.49000,110.67000,69562
2007.11.11,00:00,110.45000,111.74000,109.12000,111.08000,78031
2007.11.18,00:00,110.80000,111.06000,107.54000,108.26000,63842
2007.11.25,00:00,108.46000,111.21000,107.21000,111.20000,70052
2007.12.02,00:00,110.96000,111.78000,109.55000,111.67000,47777
2007.12.09,00:00,111.57000,113.60000,110.49000,113.28000,52005
2007.12.16,00:00,113.31000,114.19000,112.73000,114.05000,42239
2007.12.23,00:00,114.00000,114.73000,112.24000,112.24000,23203
2007.12.30,00:00,112.54000,112.56000,107.89000,108.57000,36754
2008.01.06,00:00,108.63000,110.10000,108.55000,108.84000,64953
2008.01.13,00:00,108.76000,108.95000,105.90000,106.84000,72179
2008.01.20,00:00,106.80000,107.89000,104.96000,106.71000,103379
2008.01.27,00:00,106.80000,107.45000,105.69000,106.47000,70163
2008.02.03,00:00,106.64000,107.81000,105.91000,107.28000,60153
2008.02.10,00:00,107.51000,108.59000,106.33000,107.79000,52869
2008.02.17,00:00,107.80000,108.36000,106.71000,107.15000,54070
2008.02.24,00:00,107.25000,108.21000,103.67000,103.71000,56264
2008.03.02,00:00,103.19000,104.17000,101.41000,102.66000,69102
2008.03.09,00:00,102.13000,103.59000,98.89000,99.02000,88264
2008.03.16,00:00,98.72000,100.45000,95.77000,99.56000,103647
2008.03.23,00:00,99.51000,101.03000,98.55000,99.22000,86278
2008.03.30,00:00,98.87000,102.94000,98.81000,101.46000,90961
2008.04.06,00:00,101.72000,102.85000,100.02000,101.00000,87153
2008.04.13,00:00,101.26000,104.64000,100.30000,103.67000,91775
2008.04.20,00:00,103.83000,104.82000,102.67000,104.42000,91313
2008.04.27,00:00,104.43000,105.70000,103.20000,105.39000,76751
2008.05.04,00:00,105.26000,105.62000,102.61000,102.86000,80165
2008.05.11,00:00,103.01000,105.44000,102.58000,104.06000,81507
2008.05.18,00:00,103.97000,104.69000,102.73000,103.37000,69664
2008.05.25,00:00,103.30000,105.87000,103.13000,105.50000,62032
2008.06.01,00:00,105.25000,106.42000,103.87000,104.92000,84777
2008.06.08,00:00,104.47000,108.38000,104.44000,108.19000,89672
2008.06.15,00:00,108.06000,108.58000,107.12000,107.33000,71165
2008.06.22,00:00,107.19000,108.41000,105.86000,106.14000,69363
2008.06.29,00:00,106.21000,106.93000,104.98000,106.80000,63501
2008.07.06,00:00,106.81000,107.75000,105.64000,106.27000,69794
2008.07.13,00:00,106.14000,107.09000,103.76000,106.95000,80320
2008.07.20,00:00,106.93000,107.98000,106.05000,107.83000,60859
2008.07.27,00:00,107.87000,108.37000,107.28000,107.68000,52034
2008.08.03,00:00,107.64000,110.36000,107.46000,110.18000,58428
2008.08.10,00:00,110.37000,110.66000,108.36000,110.51000,69892
2008.08.17,00:00,110.48000,110.48000,108.13000,110.05000,48943
2008.08.24,00:00,110.03000,110.27000,108.42000,108.80000,61497
2008.08.31,00:00,108.31000,109.18000,105.52000,107.74000,87047
2008.09.07,00:00,108.96000,109.08000,106.06000,107.93000,109033
2008.09.14,00:00,105.97000,108.02000,103.54000,107.44000,175449
2008.09.21,00:00,106.87000,107.16000,105.03000,106.01000,95221
2008.09.28,00:00,106.23000,106.96000,103.49000,105.31000,121772
2008.10.05,00:00,104.89000,105.17000,97.91000,100.67000,249331
2008.10.12,00:00,100.89000,103.06000,99.27000,101.67000,156187
2008.10.19,00:00,101.60000,102.41000,90.92000,94.31000,161091
2008.10.26,00:00,93.02000,99.68000,92.05000,98.46000,185877
2008.11.02,00:00,98.26000,100.54000,96.76000,98.22000,175006
2008.11.09,00:00,98.94000,99.48000,94.47000,97.07000,178182
2008.11.16,00:00,96.27000,97.55000,93.55000,95.96000,168089
2008.11.23,00:00,95.98000,97.43000,94.59000,95.52000,111414
2008.11.30,00:00,95.54000,95.55000,91.59000,92.82000,72287
2008.12.07,00:00,92.70000,93.90000,88.53000,91.17000,60046
2008.12.14,00:00,90.99000,91.34000,87.13000,89.31000,100461
2008.12.21,00:00,89.28000,90.97000,89.25000,90.77000,31725
2008.12.28,00:00,90.63000,92.41000,89.72000,91.82000,27298
2009.01.04,00:00,92.12000,94.61000,90.15000,90.38000,63758
2009.01.11,00:00,90.04000,90.90000,88.47000,90.71000,80810
2009.01.18,00:00,91.00000,91.29000,87.12000,88.74000,89039
2009.01.25,00:00,88.40000,90.74000,88.25000,89.90000,91650
2009.02.01,00:00,89.68000,92.23000,88.58000,91.88000,89558
2009.02.08,00:00,92.11000,92.39600,89.69500,91.84500,131760
2009.02.15,00:00,91.80500,94.45500,91.41500,93.33000,105678
2009.02.22,00:00,93.50500,98.70000,92.75900,97.56500,214644
2009.03.01,00:00,97.64700,99.66700,96.56400,98.23500,179560
2009.03.08,00:00,98.25600,99.18000,95.64600,98.00100,188370
2009.03.15,00:00,98.07600,98.95700,93.53300,95.92800,201912
2009.03.22,00:00,95.65900,98.85600,95.63600,97.84600,187652
2009.03.29,00:00,98.06500,100.36100,95.98100,100.29300,202206
2009.04.05,00:00,100.30700,101.43400,99.31100,100.21100,168479
2009.04.12,00:00,100.39000,100.71100,98.13400,99.13500,177401
2009.04.19,00:00,99.18600,99.39600,96.62600,97.15600,189660
2009.04.26,00:00,96.83200,99.57200,95.61400,99.09800,185007
2009.05.03,00:00,99.27600,99.71700,97.93600,98.45100,156900
2009.05.10,00:00,98.67400,98.83500,94.72300,95.20000,208597
2009.05.17,00:00,95.03300,96.68300,93.84100,94.75700,252677
2009.05.24,00:00,94.69000,97.22900,94.41500,95.30900,313993
2009.05.31,00:00,95.28100,98.87700,94.44300,98.64900,388746
2009.06.07,00:00,98.56800,98.85000,97.08400,98.40900,350980
2009.06.14,00:00,98.37400,98.56700,95.51300,96.26000,326497
2009.06.21,00:00,96.21900,96.56300,94.87200,95.18700,334527
2009.06.28,00:00,95.27100,96.96700,95.15200,96.02500,271658
2009.07.05,00:00,96.04800,96.05100,91.77300,92.53200,351959
2009.07.12,00:00,92.44100,94.45100,91.73200,94.19800,315868
2009.07.19,00:00,94.28100,95.28900,93.08700,94.79400,337323
2009.07.26,00:00,94.73000,95.87700,94.01100,94.66300,307760
2009.08.02,00:00,94.75900,97.77800,94.35700,97.55800,296217
2009.08.09,00:00,97.69900,97.71200,94.41500,94.91000,322782
2009.08.16,00:00,94.75700,95.28100,93.41900,94.37100,325759
2009.08.23,00:00,94.37300,95.05100,93.21500,93.57700,265529
2009.08.30,00:00,93.48500,93.55200,91.94200,92.99200,261513
2009.09.06,00:00,92.97200,93.29000,90.20500,90.69800,222511
2009.09.13,00:00,90.41700,91.62300,90.12000,91.26300,245447
2009.09.20,00:00,91.44900,92.52600,89.51000,89.63200,263386
2009.09.27,00:00,89.63300,90.39500,88.23500,89.79000,290048
2009.10.04,00:00,89.48300,89.97000,88.00600,89.77000,262709
2009.10.11,00:00,89.69800,91.31400,88.82900,90.87600,283671
2009.10.18,00:00,90.94500,92.11500,90.07100,92.04300,304376
2009.10.25,00:00,92.09600,92.31700,89.92100,90.07700,266125
2009.11.01,00:00,89.66400,91.31500,89.18000,89.85400,105298
2009.11.08,00:00,89.99000,90.61000,89.28400,89.63900,89143
2009.11.15,00:00,89.58300,89.69900,88.63600,88.83900,85306
2009.11.22,00:00,88.80900,89.18800,84.80900,86.46400,109180
2009.11.29,00:00,86.60500,90.76300,85.86200,90.52600,111158
2009.12.06,00:00,90.16600,90.36000,87.36400,89.07500,108225
2009.12.13,00:00,88.93100,90.91000,88.31800,90.43000,105708
2009.12.20,00:00,90.26300,91.86800,90.23500,91.60200,59013
2009.12.27,00:00,91.41500,93.12900,91.39900,93.12900,45296
2010.01.03,00:00,92.97400,93.77200,91.25400,92.64500,119102
2010.01.10,00:00,92.58000,92.66200,90.59900,90.74500,114464
2010.01.17,00:00,90.74300,91.86800,89.78000,89.81200,119316
2010.01.24,00:00,90.24800,90.92100,89.13300,90.26800,128592
2010.01.31,00:00,89.86200,91.27300,88.54800,89.23000,122464
2010.02.07,00:00,89.45300,90.41400,89.13300,89.95300,111984
2010.02.14,00:00,90.12600,92.14400,89.69900,91.49200,90924
2010.02.21,00:00,91.42700,91.90100,88.74200,88.90400,97256
2010.02.28,00:00,88.84500,90.58800,88.13400,90.25900,93707
2010.03.07,00:00,90.44400,91.08100,89.63000,90.53400,83291
2010.03.14,00:00,90.60900,90.79800,89.75100,90.52900,85526
2010.03.21,00:00,90.50000,92.95300,89.82900,92.50200,91932
2010.03.28,00:00,92.44700,94.68600,92.12000,94.58100,91257
2010.04.04,00:00,94.66400,94.77300,92.82800,93.15600,89272
2010.04.11,00:00,92.94200,93.72600,91.89800,92.14800,99969
2010.04.18,00:00,91.84700,94.32100,91.58800,93.95200,101277
2010.04.25,00:00,93.98400,94.58100,92.81300,93.83500,108662
2010.05.02,00:00,93.85000,94.97900,87.96200,91.58400,192834
2010.05.09,00:00,92.42200,93.63700,91.67300,92.44200,290229
2010.05.16,00:00,92.23200,92.96100,88.96100,89.97000,375863
2010.05.23,00:00,90.28700,91.40600,89.25800,91.04900,310805
2010.05.30,00:00,90.99800,92.87900,90.53600,91.88200,249077
2010.06.06,00:00,91.73300,92.07900,90.83800,91.62500,266654
2010.06.13,00:00,91.79800,92.10900,90.44100,90.67600,197184
2010.06.20,00:00,90.35000,91.47200,89.20800,89.23100,182328
2010.06.27,00:00,89.25500,89.46100,86.96100,87.73700,207262
2010.07.04,00:00,87.70100,88.69600,87.02000,88.60400,163218
2010.07.11,00:00,88.71700,89.14600,86.26200,86.55600,191567
2010.07.18,00:00,86.50500,87.56500,86.33800,87.42900,199162
2010.07.25,00:00,87.46800,88.11300,85.94000,86.43400,180652
2010.08.01,00:00,86.32300,86.88000,85.02000,85.48600,187664
2010.08.08,00:00,85.37000,86.37000,84.72500,86.18400,210243
2010.08.15,00:00,86.16300,86.22400,84.89100,85.60600,206380
2010.08.22,00:00,85.56800,85.69800,83.58800,85.17800,249092
2010.08.29,00:00,85.29800,85.89700,83.66900,84.29100,230088
2010.09.05,00:00,84.13600,84.48600,83.33800,84.16800,228347
2010.09.12,00:00,84.22000,85.92600,82.87000,85.83800,344660
2010.09.19,00:00,85.73400,85.80000,84.11100,84.20400,255839
2010.09.26,00:00,84.20800,84.38500,83.15600,83.20500,259599
2010.10.03,00:00,83.24000,83.97800,81.72200,81.90300,222374
2010.10.10,00:00,81.94300,82.35000,80.87000,81.43200,219054
2010.10.17,00:00,81.36200,81.92100,80.84100,81.36400,263152
2010.10.24,00:00,81.26300,81.97900,80.36800,80.37300,276569
2010.10.31,00:00,80.33400,81.57400,80.23100,81.24200,253606
2010.11.07,00:00,81.21700,82.79600,80.53100,82.51200,280957
2010.11.14,00:00,82.47300,83.77700,82.39000,83.52900,350651
2010.11.21,00:00,83.49900,84.18000,82.77900,84.08700,489993
2010.11.28,00:00,84.03200,84.39800,82.51100,82.52200,546049
2010.12.05,00:00,82.64100,84.29900,82.33000,83.92600,574805
2010.12.12,00:00,83.98000,84.50200,82.83700,83.96800,515750
2010.12.19,00:00,83.93800,84.11500,82.85300,82.87200,297214
2010.12.26,00:00,82.75100,82.96800,80.92900,81.17500,343619
2011.01.02,00:00,81.20200,83.67500,80.90700,83.14300,297485
2011.01.09,00:00,83.22800,83.48600,82.40500,82.84300,295058
2011.01.16,00:00,82.79500,83.11100,81.84500,82.55700,319803
2011.01.23,00:00,82.54200,83.19300,81.97600,82.13000,345880
2011.01.30,00:00,81.98600,82.44900,81.13000,82.16200,347721
2011.02.06,00:00,82.16900,83.66600,81.77300,83.41900,339502
2011.02.13,00:00,83.48000,83.96400,83.02800,83.16200,332357
2011.02.20,00:00,83.08000,83.52200,81.62100,81.66200,294140
2011.02.27,00:00,81.67200,83.03200,81.57100,82.30300,320547
2011.03.06,00:00,82.32700,83.28700,81.65100,81.86100,332517
2011.03.13,00:00,81.67200,82.42800,76.41700,80.56800,459224
2011.03.20,00:00,80.84600,81.48700,80.70000,81.29000,299516
2011.03.27,00:00,81.39400,84.70600,81.29900,84.04100,316456
2011.04.03,00:00,84.18900,85.51300,83.84800,84.76800,262190
2011.04.10,00:00,84.84000,85.14700,82.95600,83.11400,286489
2011.04.17,00:00,83.21100,83.24900,81.61500,81.84600,235348
2011.04.24,00:00,81.80500,82.76100,81.03200,81.18100,229715
2011.05.01,00:00,81.20000,81.68200,79.56600,80.61400,266383
2011.05.08,00:00,80.61500,81.32400,80.15500,80.75400,343273
2011.05.15,00:00,80.86400,82.22300,80.62600,81.66400,328295
2011.05.22,00:00,81.77900,82.20400,80.70300,80.76200,328892
2011.05.29,00:00,80.75000,81.76300,80.05200,80.28100,316969
2011.06.05,00:00,80.20100,80.45000,79.69400,80.30500,326770
2011.06.12,00:00,80.27600,81.04700,80.00100,80.02200,319496
2011.06.19,00:00,80.12800,80.78700,80.00800,80.40600,265890
2011.06.26,00:00,80.31900,81.25900,80.25500,80.81900,254332
2011.07.03,00:00,80.80800,81.46700,80.49500,80.59200,227735
2011.07.10,00:00,80.52700,80.82700,78.46300,79.12100,277119
2011.07.17,00:00,79.09800,79.30300,78.22000,78.53000,235126
2011.07.24,00:00,78.31100,78.59100,76.71800,76.75100,252063
2011.07.31,00:00,77.14500,80.22800,76.29200,78.38600,353667
2011.08.07,00:00,77.97000,78.43100,76.30300,76.68900,380528
2011.08.14,00:00,76.69000,77.08600,75.95700,76.53300,269395
2011.08.21,00:00,76.75300,77.68900,76.46100,76.56300,263787
2011.08.28,00:00,76.73500,77.21600,76.42100,76.78000,238935
2011.09.04,00:00,76.90000,77.84900,76.68400,77.57000,278315
2011.09.11,00:00,77.44100,77.57900,76.54800,76.76200,274923
2011.09.18,00:00,76.91100,76.97400,76.09400,76.56600,272296
2011.09.25,00:00,76.44200,77.18900,76.22500,77.02300,291594
2011.10.02,00:00,77.05100,77.24900,76.51000,76.71100,271534
2011.10.09,00:00,76.73000,77.48000,76.32500,77.18200,239267
2011.10.16,00:00,77.06900,77.44700,75.81000,76.24900,252121
2011.10.23,00:00,76.18600,76.46600,75.65100,75.78300,256490
2011.10.30,00:00,75.68400,79.52300,75.57000,78.22400,264789
2011.11.06,00:00,78.17600,78.17800,77.03900,77.17100,220287
2011.11.13,00:00,77.24500,77.40800,76.56100,76.82700,250488
2011.11.20,00:00,76.85700,77.78500,76.75100,77.68900,235739
2011.11.27,00:00,77.56000,78.27100,77.29200,77.93800,262246
2011.12.04,00:00,77.99900,78.09900,77.13300,77.56700,218143
2011.12.11,00:00,77.66900,78.14200,77.51200,77.74800,194813
2011.12.18,00:00,77.75700,78.21100,77.68100,78.05700,170256
2011.12.25,00:00,77.97600,78.02600,76.85600,76.88500,138931
2012.01.01,00:00,76.88300,77.32400,76.59700,76.95700,183003
2012.01.08,00:00,76.89700,77.02800,76.65000,76.95000,170193
2012.01.15,00:00,77.05800,77.31300,76.54500,76.98200,170060
2012.01.22,00:00,76.94500,78.27700,76.64400,76.66700,227527
2012.01.29,00:00,76.67200,76.76700,76.01800,76.55100,214987
2012.02.05,00:00,76.59900,77.79900,76.48800,77.58800,242632
2012.02.12,00:00,77.54700,79.60200,77.35700,79.53400,253565
2012.02.19,00:00,79.59700,81.20100,79.35900,81.17500,245159
2012.02.26,00:00,81.24600,81.86300,80.01300,81.78600,285477
2012.03.04,00:00,81.76100,82.63500,80.57800,82.44600,275952
2012.03.11,00:00,82.51200,84.16700,81.96100,83.42300,275079
2012.03.18,00:00,83.37600,84.08800,81.98300,82.32200,281506
2012.03.25,00:00,82.38000,83.37500,81.83100,82.84800,294325
2012.04.01,00:00,83.01500,83.29200,81.31900,81.62900,286336
2012.04.08,00:00,81.50400,81.85600,80.58000,80.91300,272972
2012.04.15,00:00,80.83900,81.77100,80.31100,81.50800,263414
2012.04.22,00:00,81.57100,81.67800,80.21500,80.26000,255884
2012.04.29,00:00,80.25400,80.60700,79.63000,79.84000,209882
2012.05.06,00:00,79.83500,80.07200,79.42600,79.92600,236888
2012.05.13,00:00,79.97800,80.54700,78.99400,79.00800,242521
2012.05.20,00:00,79.11100,80.13500,79.09900,79.67100,280107
2012.05.27,00:00,79.69900,79.71800,77.65700,78.00400,312966
2012.06.03,00:00,78.08500,79.78100,77.97400,79.47600,326626
2012.06.10,00:00,79.61400,79.73600,78.60500,78.69700,312309
2012.06.17,00:00,78.78900,80.56200,78.76400,80.41500,315102
2012.06.24,00:00,80.42500,80.61500,79.13800,79.78500,281731
2012.07.01,00:00,79.85100,80.09000,79.30500,79.64600,244956
2012.07.08,00:00,79.61000,79.92300,79.08100,79.17600,231066
2012.07.15,00:00,79.26600,79.28100,78.42900,78.47500,220687
2012.07.22,00:00,78.43800,78.66600,77.94400,78.44200,238350
2012.07.29,00:00,78.44200,78.76600,77.91700,78.46100,229143
2012.08.05,00:00,78.57800,78.78300,78.13000,78.25900,229748
2012.08.12,00:00,78.20100,79.56600,78.15800,79.55700,212356
2012.08.19,00:00,79.55200,79.65000,78.30300,78.66600,204819
2012.08.26,00:00,78.69100,78.83400,78.18600,78.37700,162234
2012.09.02,00:00,78.33100,79.01700,78.01100,78.23800,201059
2012.09.09,00:00,78.24600,78.38700,77.13500,78.38300,238098
2012.09.16,00:00,78.33800,79.20900,78.01300,78.16100,254592
2012.09.23,00:00,78.15100,78.18500,77.42800,77.94200,186321
2012.09.30,00:00,77.97200,78.86200,77.78000,78.66100,191001
2012.10.07,00:00,78.64600,78.75400,77.94200,78.43400,157955
2012.10.14,00:00,78.44300,79.45500,78.32500,79.30200,181653
2012.10.21,00:00,79.29200,80.37100,79.21000,79.63200,193069
2012.10.28,00:00,79.63100,80.66800,79.27300,80.41200,318239
2012.11.04,00:00,80.43000,80.55500,79.07000,79.47100,355984
2012.11.11,00:00,79.48000,81.45200,79.20200,81.30800,353254
2012.11.18,00:00,81.38100,82.83100,81.08200,82.38100,375761
2012.11.25,00:00,82.33600,82.74100,81.68600,82.46700,362576
2012.12.02,00:00,82.37200,82.81800,81.71100,82.47800,330949
2012.12.09,00:00,82.51000,83.95700,82.11100,83.50000,361253
2012.12.16,00:00,84.30700,84.61000,83.60600,84.23400,417727
2012.12.23,00:00,84.36500,86.62500,84.31200,85.86500,273451
2012.12.30,00:00,85.79900,88.39700,85.65700,88.14000,314894
2013.01.06,00:00,88.11300,89.44000,86.82300,89.17600,501781
2013.01.13,00:00,89.29400,90.18200,87.79100,90.08200,543641
2013.01.20,00:00,90.08200,91.19200,88.05600,90.87700,537086
2013.01.27,00:00,91.03900,92.95200,90.32400,92.78900,518568
2013.02.03,00:00,92.76900,94.04400,91.97600,92.67200,572613
2013.02.10,00:00,92.72500,94.43400,92.22300,93.49700,552335
2013.02.17,00:00,93.68300,94.19600,92.76700,93.40100,514817
2013.02.24,00:00,94.52500,94.53100,90.92000,93.57800,593913
2013.03.03,00:00,93.63800,96.54700,92.91300,95.99100,494515
2013.03.10,00:00,95.95300,96.70200,95.07900,95.26800,530030
2013.03.17,00:00,94.70500,96.12700,94.19500,94.44700,562728
2013.03.24,00:00,94.50200,94.95500,93.53000,94.18000,416414
2013.03.31,00:00,94.26500,97.82400,92.56100,97.52300,368512
2013.04.07,00:00,98.19900,99.93900,98.07100,98.34800,384450
2013.04.14,00:00,98.21000,99.67900,95.82400,99.49800,429840
2013.04.21,00:00,99.80900,99.88000,97.55300,98.00800,373247
2013.04.28,00:00,97.93200,99.26200,97.00500,98.97000,301976
2013.05.05,00:00,99.17300,101.97700,98.58400,101.57600,302019
2013.05.12,00:00,101.88600,103.30200,101.26000,103.18700,342263
2013.05.19,00:00,102.75400,103.72900,100.65900,101.26100,395188
2013.05.26,00:00,101.04100,102.51600,100.21800,100.43800,393426
2013.06.02,00:00,100.43100,100.71700,94.98800,97.53200,447682
2013.06.09,00:00,97.84600,99.27700,93.78600,94.07100,472795
2013.06.16,00:00,94.16400,98.28000,94.10400,97.87900,402247
2013.06.23,00:00,97.91300,99.44100,96.95800,99.12200,387314
2013.06.30,00:00,99.23500,101.22200,99.17400,101.18200,312405
2013.07.07,00:00,101.25900,101.52500,98.26900,99.16800,339031
2013.07.14,00:00,99.35500,100.85800,98.89000,100.63200,314055
2013.07.21,00:00,100.43700,100.61500,97.95800,98.24200,340600
2013.07.28,00:00,98.06900,99.94100,97.58300,98.92200,337607
2013.08.04,00:00,98.89600,99.14400,95.80400,96.20700,345484
2013.08.11,00:00,96.33000,98.64300,95.92200,97.51900,333432
2013.08.18,00:00,97.60800,99.14300,96.90800,98.68000,334481
2013.08.25,00:00,98.56100,98.83900,96.81600,98.13100,315780
2013.09.01,00:00,98.43400,100.22000,98.27400,99.09200,324279
2013.09.08,00:00,99.69900,100.60200,99.00700,99.36200,317164
2013.09.15,00:00,98.67600,99.66200,97.76000,99.31800,291750
2013.09.22,00:00,99.25300,99.35400,98.09100,98.22400,266397
2013.09.29,00:00,97.65800,98.72200,96.92500,97.45800,320623
2013.10.06,00:00,97.21600,98.58900,96.57300,98.56400,302578
2013.10.13,00:00,98.29000,99.00000,97.55200,97.72100,273728
2013.10.20,00:00,97.85400,98.47800,96.93800,97.40700,261941
2013.10.27,00:00,97.64600,98.84300,97.44100,98.62100,267397
2013.11.03,00:00,98.82100,99.40400,97.62600,99.04800,262002
2013.11.10,00:00,99.22400,100.42700,98.92000,100.17800,269920
2013.11.17,00:00,100.26900,101.35000,99.56800,101.26300,297351
2013.11.24,00:00,101.29200,102.60600,101.13900,102.40800,267140
2013.12.01,00:00,102.50000,103.37400,101.62100,102.89400,332034
2013.12.08,00:00,103.01300,103.91600,102.16700,103.20500,312757
2013.12.15,00:00,103.27000,104.62900,102.49700,104.07500,291725
2013.12.22,00:00,103.98700,105.18000,103.76700,105.14800,134619
2013.12.29,00:00,105.19300,105.43600,104.07000,104.85200,163089
2014.01.05,00:00,104.82800,105.31100,103.82500,104.15500,300175
2014.01.12,00:00,103.98700,104.91900,102.85300,104.30300,290311
2014.01.19,00:00,104.21800,104.83800,101.99600,102.32200,319786
2014.01.26,00:00,102.21700,103.43600,101.77400,101.95600,369200
2014.02.02,00:00,101.97000,102.57300,100.75200,102.32100,336054
2014.02.09,00:00,102.52200,102.69700,101.56400,101.78300,260907
2014.02.16,00:00,101.64200,102.82200,101.38400,102.48300,264941
2014.02.23,00:00,102.49100,102.67600,101.55100,101.77800,286075
2014.03.02,00:00,101.49800,103.75400,101.19500,103.25200,271823
2014.03.09,00:00,103.17700,103.42100,101.20300,101.34700,275391
2014.03.16,00:00,101.38700,102.67900,101.27400,102.24800,259464
2014.03.23,00:00,102.25200,102.97200,101.72200,102.81800,265316
2014.03.30,00:00,102.93100,104.11900,102.78900,103.26600,227006
2014.04.06,00:00,103.26900,103.38500,101.32100,101.61200,265220
2014.04.13,00:00,101.62300,102.56400,101.41200,102.39900,202598
2014.04.20,00:00,102.43500,102.71900,101.95700,102.16900,184517
2014.04.27,00:00,102.18600,103.01400,102.02500,102.17500,196683
2014.05.04,00:00,102.14700,102.25400,101.42600,101.85300,199451
2014.05.11,00:00,101.87500,102.35600,101.31000,101.49800,201831
2014.05.18,00:00,101.54400,101.99900,100.82000,101.96000,212220
2014.05.25,00:00,101.92900,102.13500,101.42700,101.74900,186771
2014.06.01,00:00,101.84400,102.79000,101.75100,102.46700,218437
2014.06.08,00:00,102.49200,102.64400,101.60100,102.03200,216017
2014.06.15,00:00,102.06400,102.32500,101.71900,102.07100,203961
2014.06.22,00:00,102.06300,102.16300,101.31300,101.39900,190914
2014.06.29,00:00,101.40300,102.26200,101.23500,102.03000,169470
2014.07.06,00:00,102.06000,102.19600,101.06300,101.28600,184420
2014.07.13,00:00,101.37700,101.78700,101.08400,101.33100,190013
2014.07.20,00:00,101.32400,101.93600,101.18900,101.82400,166122
2014.07.27,00:00,101.78400,103.07500,101.74400,102.59700,237185
2014.08.03,00:00,102.55100,102.91700,101.50400,102.01600,242819
2014.08.10,00:00,102.17100,102.70800,102.01500,102.34800,199192
2014.08.17,00:00,102.31600,104.18600,102.24100,103.93800,207252
2014.08.24,00:00,104.24000,104.26500,103.55200,104.07600,208799
2014.08.31,00:00,104.17700,105.69900,104.09200,105.08100,234654
2014.09.07,00:00,105.00900,107.39100,104.98500,107.33100,291198
2014.09.14,00:00,107.19400,109.44900,106.80400,109.03000,284650
2014.09.21,00:00,109.02800,109.52300,108.24600,109.27400,300683
2014.09.28,00:00,109.29700,110.07700,108.00200,109.74900,341791
2014.10.05,00:00,109.70400,109.84600,107.52200,107.64600,378813
2014.10.12,00:00,107.54600,107.58600,105.19200,106.87300,396477
2014.10.19,00:00,107.20800,108.34600,106.24600,108.15200,298657
2014.10.26,00:00,108.24400,112.46800,107.60000,112.31500,298255
2014.11.02,00:00,112.69100,115.55100,112.56900,114.59200,374992
2014.11.09,00:00,114.50100,116.81800,113.85200,116.26400,419237
2014.11.16,00:00,116.44700,118.97100,115.45400,117.78100,370859
2014.11.23,00:00,117.90300,118.76500,117.23300,118.58800,292489
2014.11.30,00:00,118.74300,121.68000,117.86000,121.44700,332141
2014.12.07,00:00,121.58100,121.83800,117.43400,118.75600,562315
2014.12.14,00:00,118.68500,119.61600,115.56100,119.51400,645579
2014.12.21,00:00,119.52200,120.81800,119.30600,120.29500,304174
2014.12.28,00:00,120.34100,120.73500,118.85600,120.48400,334645
2015.01.04,00:00,120.49100,120.63900,118.05000,118.46200,618548
2015.01.11,00:00,118.32400,119.31000,115.84700,117.55800,693508
2015.01.18,00:00,117.45800,118.85900,116.91600,117.75800,562779
2015.01.25,00:00,117.51400,118.65200,117.25800,117.48600,602393
2015.02.01,00:00,116.93500,119.21500,116.87300,119.10400,578074
2015.02.08,00:00,119.02500,120.46900,118.32500,118.72200,557700
2015.02.15,00:00,118.59000,119.40900,118.22900,118.98800,425397
2015.02.22,00:00,119.09200,119.82900,118.61900,119.60400,491163
2015.03.01,00:00,119.69100,121.27400,119.37500,120.81700,518248
2015.03.08,00:00,120.80700,122.01700,120.60700,121.37700,597333
2015.03.15,00:00,121.43500,121.51100,119.31800,120.00800,550854
2015.03.22,00:00,119.83800,120.15700,118.32300,119.12800,542405
2015.03.29,00:00,119.20500,120.35900,118.71300,118.93900,468318
2015.04.05,00:00,118.86600,120.73100,118.79300,120.17300,458477
2015.04.12,00:00,120.29600,120.83700,118.56000,118.87200,515713
2015.04.19,00:00,118.99500,120.08700,118.52800,118.95800,505411
2015.04.26,00:00,118.86700,120.28300,118.49000,120.12700,501168
2015.05.03,00:00,120.20800,120.50000,119.05300,119.77700,210177
2015.05.10,00:00,119.65800,120.27300,118.88400,119.23600,255659
2015.05.17,00:00,119.28800,121.56300,119.23600,121.51600,273308
2015.05.24,00:00,121.48200,124.44800,121.43500,124.13200,274373
2015.05.31,00:00,124.06400,125.84500,123.74500,125.56300,307791
2015.06.07,00:00,125.57100,125.67000,122.44900,123.31900,299857
2015.06.14,00:00,123.21600,124.43600,122.47000,122.64800,254418
2015.06.21,00:00,122.92300,124.36500,122.55000,123.82500,248213
2015.06.28,00:00,122.63100,123.71200,121.93400,122.73400,289633
2015.07.05,00:00,121.97600,122.91700,120.40400,122.67800,336776
2015.07.12,00:00,122.16300,124.22000,122.16300,124.05200,244912
2015.07.19,00:00,124.01300,124.46700,123.56300,123.76700,225328
2015.07.26,00:00,123.72600,124.57300,123.00200,123.84700,245665
2015.08.02,00:00,123.87100,125.06100,123.79400,124.20400,226499
2015.08.09,00:00,124.14200,125.27300,123.78600,124.29200,239244
2015.08.16,00:00,124.24700,124.56700,121.80600,122.01400,274498
2015.08.23,00:00,121.87600,122.01400,116.12600,121.68900,522355
2015.08.30,00:00,121.63600,121.63600,118.55500,118.98200,509127
2015.09.06,00:00,118.89800,121.31800,118.79200,120.56600,392634
2015.09.13,00:00,120.51900,120.98800,119.04600,119.93200,383910
2015.09.20,00:00,120.09600,121.22700,119.21900,120.52500,408532
2015.09.27,00:00,120.48800,120.59000,118.67700,119.88800,430791
2015.10.04,00:00,119.98500,120.55900,119.62000,120.21400,326971
2015.10.11,00:00,120.17200,120.25300,118.05800,119.37800,249668
2015.10.18,00:00,119.37900,121.47800,119.13100,121.44600,327705
2015.10.25,00:00,121.46900,121.47500,120.01500,120.60500,360228
2015.11.01,00:00,120.36400,123.26000,120.25100,123.15300,271213
2015.11.08,00:00,123.28100,123.59700,122.43000,122.51000,269722
2015.11.15,00:00,122.24300,123.74800,122.21900,122.75600,302700
2015.11.22,00:00,122.81900,123.25300,122.25200,122.70600,264580
2015.11.29,00:00,122.80600,123.66400,122.29200,123.09800,360955
2015.12.06,00:00,123.18400,123.47000,120.57300,120.96900,453619
2015.12.13,00:00,121.14200,123.54600,120.33800,121.14100,522506
2015.12.20,00:00,121.23500,121.49800,120.24500,120.31800,255822
2015.12.27,00:00,120.30800,120.64700,119.99700,120.26000,170581
2016.01.03,00:00,120.18900,120.45700,117.20800,117.22800,556275
2016.01.10,00:00,117.20200,118.37300,116.50200,116.97400,612335
2016.01.17,00:00,116.69900,118.86400,115.96900,118.76000,586154
2016.01.24,00:00,118.63700,121.68000,117.64800,121.11200,450972
2016.01.31,00:00,121.32900,121.47700,116.27900,116.81100,640094
2016.02.07,00:00,116.79500,117.51700,110.97400,113.19600,824470
2016.02.14,00:00,113.37700,114.86800,112.30000,112.54800,602165
2016.02.21,00:00,112.56100,113.98800,111.03600,113.96700,587916
2016.02.28,00:00,113.95100,114.54600,112.15100,113.71700,542990
2016.03.06,00:00,113.91700,114.43800,112.22100,113.82100,476496
2016.03.13,00:00,113.89500,114.13200,110.66100,111.51600,405583
2016.03.20,00:00,111.52200,113.31200,111.21100,113.06000,215738
2016.03.27,00:00,113.17800,113.79600,111.58200,111.68100,378119
2016.04.03,00:00,111.59300,111.78800,107.66400,108.03200,546355
2016.04.10,00:00,107.96600,109.72300,107.62700,108.72700,471884
2016.04.17,00:00,108.20000,111.79900,107.82800,111.78000,556260
2016.04.24,00:00,111.86000,111.87600,106.27100,106.39700,709490
2016.05.01,00:00,106.22100,107.49000,105.54100,107.10100,597553
2016.05.08,00:00,107.06700,109.54500,107.06700,108.59200,523620
2016.05.15,00:00,108.60700,110.58000,108.45700,110.09700,505025
2016.05.22,00:00,110.14400,110.44100,109.10200,110.24000,489288
2016.05.29,00:00,110.40400,111.43900,106.50700,106.50900,562572
2016.06.05,00:00,106.55700,107.89500,106.24600,106.96500,596747
2016.06.12,00:00,106.79100,106.84700,103.54400,104.09900,741861
2016.06.19,00:00,104.66900,106.80100,98.97500,102.04700,678261
2016.06.26,00:00,101.49100,103.37300,101.39400,102.47400,659586
2016.07.03,00:00,102.59500,102.79700,99.98200,100.54800,558697
2016.07.10,00:00,100.60900,106.30700,100.50800,104.83800,633898
2016.07.17,00:00,105.33600,107.48400,105.26400,106.03500,532857
2016.07.24,00:00,106.11700,106.71600,101.96400,102.05500,625470
2016.07.31,00:00,102.26100,102.82400,100.67300,101.78200,502535
2016.08.07,00:00,101.98900,102.64700,100.82400,101.27800,436628
2016.08.14,00:00,101.13400,101.44800,99.53200,100.15400,459886
2016.08.21,00:00,100.68000,101.93600,99.93300,101.79200,414314
2016.08.28,00:00,102.06600,104.31200,101.74300,104.01700,500614
2016.09.04,00:00,104.03600,104.12400,101.19200,102.67800,507636
2016.09.11,00:00,102.57800,103.34900,101.41400,102.26900,567670
2016.09.18,00:00,102.21100,102.77500,100.09100,101.00400,567221
2016.09.25,00:00,101.00300,101.83100,100.07700,101.37100,570339
2016.10.02,00:00,101.21400,104.15400,101.20400,102.94900,531493
2016.10.09,00:00,103.22400,104.62700,102.80100,104.16500,580641
2016.10.16,00:00,104.28100,104.36100,103.15600,103.82300,476958
2016.10.23,00:00,103.81900,105.52300,103.71300,104.78000,517300
2016.10.30,00:00,104.64200,105.22100,102.53400,103.06900,641925
2016.11.06,00:00,103.86000,106.93900,101.18300,106.66300,910695
2016.11.13,00:00,106.84900,110.94400,106.72100,110.89800,769699
2016.11.20,00:00,110.97500,113.89100,110.26000,112.97100,702194
2016.11.27,00:00,112.91100,114.81900,111.35000,113.53700,817144
2016.12.04,00:00,113.04500,115.35900,112.84100,115.24100,711854
2016.12.11,00:00,115.42700,118.65400,114.72200,117.95400,808043
2016.12.18,00:00,117.95100,118.23400,116.53900,117.33900,608241
2016.12.25,00:00,117.10400,117.80400,116.03200,117.03400,506218
2017.01.01,00:00,116.84200,118.59800,115.06100,116.94600,726796
2017.01.08,00:00,117.01400,117.52500,113.74500,114.48100,881748
2017.01.15,00:00,114.37500,115.61100,112.56300,114.57900,871657
2017.01.22,00:00,114.38900,115.36900,112.51400,115.06900,803386
2017.01.29,00:00,114.80100,114.94200,112.04500,112.59000,890407
2017.02.05,00:00,112.48600,113.85100,111.58600,113.19700,696352
2017.02.12,00:00,113.51500,114.94600,112.61000,112.86900,588775
2017.02.19,00:00,112.88400,113.76800,111.92600,112.12900,533078
2017.02.26,00:00,112.13600,114.73900,111.67900,114.06500,685305
2017.03.05,00:00,114.01200,115.49400,113.55000,114.78800,661099
2017.03.12,00:00,114.75700,115.18500,112.55500,112.69700,638945
2017.03.19,00:00,112.62200,112.88800,110.61700,111.24400,713758
2017.03.26,00:00,110.87700,112.18800,110.10200,111.38100,638590
2017.04.02,00:00,111.35600,111.57900,110.12200,111.07100,653416
2017.04.09,00:00,111.03500,111.57000,108.53800,108.59700,726259
2017.04.16,00:00,108.72600,109.47800,108.12300,109.13800,553472
2017.04.23,00:00,110.33000,111.76800,109.58500,111.48700,612909
2017.04.30,00:00,111.36600,113.03900,111.19700,112.70400,474344
2017.05.07,00:00,112.94200,114.36000,112.38700,113.33100,484960
2017.05.14,00:00,113.16500,113.84400,110.22600,111.23700,633134
2017.05.21,00:00,111.06700,112.11900,110.85200,111.28800,509513
2017.05.28,00:00,111.20600,111.70000,110.32100,110.44500,482848
2017.06.04,00:00,110.36400,110.80200,109.10600,110.29200,507820
2017.06.11,00:00,110.31100,111.40700,108.80300,110.84600,537792
2017.06.18,00:00,110.84000,111.77700,110.70500,111.26500,476489
2017.06.25,00:00,111.12000,112.91600,111.11300,112.39400,574996
2017.07.02,00:00,112.11500,114.16900,112.11500,113.89600,558671
2017.07.09,00:00,113.92300,114.48500,112.25400,112.50600,522324
2017.07.16,00:00,112.47500,112.85700,111.00300,111.12600,563780
2017.07.23,00:00,111.10200,112.18600,110.53800,110.70500,645515
2017.07.30,00:00,110.61200,111.04000,109.83500,110.65700,642378
2017.08.06,00:00,110.69000,110.90900,108.71800,109.13200,578553
2017.08.13,00:00,109.07200,110.93800,108.59300,109.18600,677235
2017.08.20,00:00,109.30700,109.83200,108.62600,109.31700,522669
2017.08.27,00:00,109.16900,110.66100,108.25800,110.24100,600882
2017.09.03,00:00,109.54500,109.92200,107.30900,107.81700,649670
2017.09.10,00:00,108.13800,111.32400,108.11000,110.82000,559170
2017.09.17,00:00,111.03900,112.70600,110.98600,111.96300,563232
2017.09.24,00:00,112.19700,113.24700,111.46200,112.44800,601593
2017.10.01,00:00,112.52300,113.42800,112.31300,112.64000,541312
2017.10.08,00:00,112.55200,112.81800,111.67600,111.83600,509059
2017.10.15,00:00,111.77100,113.55800,111.64200,113.49600,558981
2017.10.22,00:00,113.83600,114.44300,113.23300,113.68400,723809
2017.10.29,00:00,113.73000,114.41700,112.94500,114.07000,618453
2017.11.05,00:00,114.02700,114.72700,113.08100,113.49700,613710
2017.11.12,00:00,113.49000,113.90200,111.93500,112.16100,593566
2017.11.19,00:00,112.11600,112.70800,111.05800,111.49400,542952
2017.11.26,00:00,111.46400,112.86500,110.83200,112.16100,714751
2017.12.03,00:00,112.72300,113.57900,111.98100,113.46100,676545
2017.12.10,00:00,113.52200,113.74100,112.02100,112.60300,561753
2017.12.17,00:00,112.69000,113.62800,112.29900,113.27600,524247
2017.12.24,00:00,113.32100,113.36900,112.46300,112.66300,399117
2017.12.31,00:00,112.64900,113.29300,112.04500,113.04700,370945
2018.01.07,00:00,113.11700,113.37700,110.90400,111.03000,607952
2018.01.14,00:00,111.07700,111.47100,110.18300,110.80700,662796
2018.01.21,00:00,110.52400,111.21500,108.27300,108.63000,737589
2018.01.28,00:00,108.68100,110.47100,108.40200,110.16000,819522
2018.02.04,00:00,110.16800,110.27900,108.03600,108.79200,1145358
2018.02.11,00:00,108.83300,108.88000,105.53700,106.27700,887131
2018.02.18,00:00,106.31400,107.89300,106.08500,106.83900,661248
2018.02.25,00:00,107.02300,107.66500,105.23800,105.71200,762184
2018.03.04,00:00,105.51900,107.04000,105.34000,106.79500,754832
2018.03.11,00:00,106.77500,107.28300,105.59200,105.99600,620438
2018.03.18,00:00,105.98500,106.63100,104.62700,104.69900,745255
2018.03.25,00:00,104.63200,107.00100,104.62100,106.25800,699273
2018.04.01,00:00,106.18000,107.48300,105.64900,106.93000,696992
2018.04.08,00:00,106.93200,107.77000,106.60700,107.33100,660477
2018.04.15,00:00,107.44900,107.84600,106.87300,107.63200,554771
2018.04.22,00:00,107.76500,109.52800,107.65000,109.07200,611394
2018.04.29,00:00,109.03200,110.02600,108.63700,109.04900,521100
2018.05.06,00:00,109.10300,110.00900,108.74900,109.35400,523627
